0100634 0100741 0101693 0101818 0200095 0200290 0200410 0200513 0200807
0200851 0200885 0200926 0200981 0201099 0201114 0201364 0201536 0201588
0201721 0201821 0202033 0202178 0202355 0202401 0202660 0300312 0300680
0301010 0301875 0302196 0302350 0302602 0302624 0400151 0400155 0400181
0400421 0401077 0401143 0401414 0401447 0401595 0401966 0401972 0401975
0402091 0402312 0500786 0500871 0501000 0501428 0501465 0501660 0502142
0502633 0502705 0503181 0503188 0503697 0503816 0504716 0504964 0505425
0505471 0505957 0505958 0506034 0506045 0506371 0506377 0600189 0600280
0600369 0600515 0600530 0600709 0600955 0601279 0601405 0601460 0601473
0601512 0601529 0601689 0601692 0601899 0602292 0602373 0602408 0602487
0700167 0700272 0800068 0800166 0800207 0800352 0800357 0800400 0800409
0800451 0800654 0800800 0800813 0800834 0800990 0801137 0801181 0801210
0801280 0801507 0801523 0801601 0801653 0801720 0801922 0801923 0801930
0802078 0802297 0802300 0802386 0802551 0802721 0802833 0802921 0803189
0803192 0803340 0803787 0803964 0803994 0803999 0804175 0804179 0804204
0804226 0804257 0804279 0804286 0804354 0804355 0804402 0804408 0804564
0804658 0804667 0804697 0804721 0804839 0804872 0804887 0804927 0804935
0804993 0805072 0805197 0805239 0805267 0805326 0805411 0805425 0805767
0805872 0806019 0806121 0806212 0806225 0806270 0806469 0806504 0806510
0806538 0806593 0806679 0806686 0806729 0806929 0806940 0806959 0807084
0807170 0807281 0807337 0807339 0807367 0807422 0807501 0807650 0807668
0807671 0807705 0807729 0807928 0808090 0808153 0808176 0808178 0808279
0808309 0808327 0808379 0808406 0808432 0808703 0808827 0808856 0808946
0808998 0809211 0809299 0809445 0809448 0809568 0809599 0809671 0809700
0809753 0809836 0809911 0810156 0810243 0810652 0810702 0810792 0810926
0810979 0811142 0811170 0811350 0811491 0811567 0811571 0811584 0811720
0811795 0811819 0812162 0812395 0812466 0812551 0812701 0812752 0812787
0812840 0812934 0813004 0813197 0813274 0813280 0813470 0813535 0813623
0813661 0814042 0814045 0814214 0814275 0814306 0814375 0814406 0814501
0814701 0814712 0814780 0814791 0814815 0814831 0814870 0814896 0814967
0815123 0815148 0815357 0815458 0815640 0815812 0815861 0815871 0815895
0816093 0816311 0816369 0816453 0816664 0816680 0816741 0816754 0816761
0816805 0816949 0817194 0817212 0817417 0817554 0817587 0817605 0817665
0817819 0817947 0818040 0818127 0818397 0818526 0818750 0818757 0818857
0818975 0819262 0819340 0819520 0819522 0819578 0819617 0819624 0819633
0819635 0819707 0819712 0819749 0819772 0819905 0820043 0820051 0820087
0820235 0820425 0820493 0820507 0820588 0820666 0820949 0820982 0821092
0821135 0821139 0821162 0821201 0821228 0821264 0821489 0900303 0900459
1000225 1000287 1000474 1000726 1000782 1001023 1001173 1001361 1001506
1001811 1001871 1001887 1002055 1002503 1002533 1002571 1100209 1100244
1100245 1100259 1100274 1100414 1100672 1100717 1100761 1100809 1100920
1100982 1101068 1101102 1101125 1101203 1101220 1101319 1101412 1101421
1101589 1101684 1102278 1102300 1102340 1102412 1102575 1102594 1102659
1102662 1102815 1102825 1102869 1102899 1103106 1103155 1103159 1103375
1103421 1103758 1103832 1104173 1104396 1104404 1104798 1104818 1200053
1200463 1200501 1200934 1201002 1201658 1201816 1201839 1201979 1202009
1300216 1300394 1300709 1301275 1400475 1400554 1400638 1400660 1401386
1401488 1401660 1401717 1401721 1402076 1402104 1402312 1402886 1402911
1403156 1403229 1403397 1403560 1403580 1403778 1403832 1403852 1403987
1404121 1404373 1404387 1500002 1500113 1500237 1500285 1500291 1500318
1500483 1500571 1500643 1500781 1500848 1500878 1500882 1500937 1500964
1501040 1501058 1501092 1501094 1501158 1501191 1501217 1501322 1501347
1501446 1501452 1501520 1501575 1501724 1501777 1502001 1502021 1502114
1502228 1502239 1502303 1502329 1502767 1502818 1502824 1502978 1503096
1503147 1503183 1900097 1900273 1900502 2401016 2401741 2600050 2600160
2600282 2600452 2600682 2600759 2600793 2600938 2600964 2601079 2601233
2601261 2601336 2601349 2601431 2601435 2601921 2602130 2602168 2602224
2602278 2602307 2603014 2603150 2603356 2603512 2603698 2603788 2603819
2603883 2603894 2604007 2604053 2604267 2604409 2604602 2604672 2604918
2605109 2605157 3400165 3400778 3400932 3400964 3401039 3401145 3500041
3500069 3500106 3500234 3500259 3500382 3500457 3500501 3500598 3500808
3501226 3501271 3501415 3501667 3501670 3501709 3501967 3502037 3502247
3502257 3502399 3502401 3502437 3502631 3502798 3503538 3503611 3503725
3503745 3504082 3504291 3504378 3504755 3505121 3505243 3505287 3505294
3505476 3600009 3900064 4000186 4000247 4100179 4100325 4100472 4100620
4100773 4100984 4100996 4101022 4101101 4101160 4101171 4200022 4900249
4900521 5000270 5100234 5101072 5101130 5101425 5200102 5200288 5200361
5300047 5400132 5400383 5400771 5400851 5400896 5401230 5401383