0100034 0100186 0100225 0100242 0100318 0100324 0100352 0100741 0100747
0100755 0100760 0100778 0101000 0101002 0101034 0101142 0101167 0101170
0101274 0101451 0101502 0101567 0101602 0101671 0101693 0101808 0101818
0200095 0200101 0200155 0200184 0200235 0200290 0200317 0200346 0200390
0200391 0200410 0200451 0200513 0200583 0200676 0200807 0200826 0200831
0200838 0200839 0200851 0200885 0200926 0200939 0200981 0200988 0201004
0201005 0201014 0201047 0201099 0201114 0201241 0201261 0201305 0201358
0201362 0201364 0201429 0201489 0201519 0201536 0201588 0201599 0201656
0201721 0201727 0201732 0201802 0201812 0201815 0201821 0201822 0201823
0201845 0201854 0201908 0201953 0201965 0201966 0201967 0201978 0202033
0202050 0202081 0202137 0202174 0202178 0202330 0202333 0202343 0202355
0202383 0202401 0202547 0202654 0202659 0202660 0202666 0300043 0300080
0300082 0300122 0300128 0300167 0300312 0300391 0300427 0300517 0300545
0300628 0300659 0300675 0300680 0300686 0300688 0300784 0300800 0300847
0300850 0300896 0300995 0301010 0301062 0301093 0301321 0301352 0301418
0301445 0301628 0301633 0301875 0301945 0302030 0302066 0302128 0302196
0302231 0302235 0302262 0302346 0302350 0302384 0302406 0302485 0302523
0302602 0302613 0302624 0302690 0302738 0302739 0302759 0302859 0400007
0400078 0400120 0400147 0400151 0400155 0400181 0400236 0400352 0400376
0400385 0400390 0400397 0400421 0400528 0400543 0400594 0400657 0400659
0400677 0400703 0400715 0400763 0400837 0400999 0401031 0401070 0401077
0401088 0401143 0401167 0401268 0401295 0401342 0401370 0401414 0401438
0401447 0401467 0401500 0401575 0401595 0401684 0401766 0401810 0401916
0401921 0401927 0401935 0401962 0401966 0401972 0401975 0402009 0402032
0402091 0402165 0402228 0402233 0402284 0402292 0402307 0402312 0402379
0402430 0402524 0402621 0402625 0402674 0402725 0402777 0402804 0402810
0402816 0402836 0402846 0402854 0402872 0402905 0402944 0402956 0402983
0402984 0500093 0500113 0500227 0500240 0500314 0500452 0500541 0500599
0500651 0500704 0500786 0500852 0500871 0500896 0500904 0500929 0501000
0501048 0501085 0501111 0501134 0501156 0501169 0501185 0501219 0501351
0501357 0501387 0501418 0501428 0501465 0501490 0501497 0501508 0501537
0501545 0501555 0501660 0501695 0501722 0501729 0501773 0501798 0501829
0501883 0501889 0501908 0501912 0502065 0502142 0502188 0502242 0502243
0502297 0502310 0502401 0502481 0502501 0502505 0502633 0502672 0502705
0502911 0502930 0502938 0502978 0503124 0503178 0503181 0503188 0503241
0503323 0503359 0503390 0503393 0503467 0503484 0503528 0503540 0503559
0503599 0503659 0503692 0503694 0503697 0503791 0503816 0504144 0504183
0504240 0504397 0504433 0504450 0504486 0504525 0504559 0504560 0504576
0504714 0504716 0504747 0504770 0504882 0504922 0504964 0504975 0505062
0505086 0505241 0505262 0505333 0505377 0505425 0505470 0505471 0505485
0505532 0505534 0505607 0505682 0505700 0505709 0505730 0505792 0505806
0505817 0505894 0505909 0505929 0505933 0505957 0505958 0506034 0506041
0506045 0506099 0506242 0506371 0506375 0506377 0506482 0600021 0600189
0600193 0600224 0600234 0600267 0600280 0600369 0600389 0600456 0600515
0600530 0600561 0600584 0600637 0600702 0600709 0600785 0600874 0600882
0600955 0601048 0601053 0601160 0601163 0601185 0601200 0601242 0601279
0601288 0601363 0601379 0601405 0601423 0601460 0601461 0601467 0601473
0601512 0601529 0601643 0601689 0601692 0601744 0601774 0601824 0601899
0601985 0601996 0602083 0602106 0602116 0602161 0602194 0602292 0602363
0602373 0602408 0602487 0602503 0602580 0700167 0700208 0700272 0700314
0700342 0700370 0700377 0700432 0700531 0700537 0700692 0700759 0700922
0700932 0700989 0700991 0701172 0701179 0701240 0701369 0701383 0701387
0701433 0701456 0701488 0701521 0701556 0701723 0800015 0800036 0800068
0800090 0800126 0800166 0800187 0800203 0800207 0800250 0800280 0800282
0800290 0800295 0800302 0800305 0800308 0800352 0800355 0800357 0800365
0800369 0800370 0800400 0800409 0800412 0800434 0800451 0800480 0800482
0800503 0800506 0800511 0800541 0800641 0800654 0800680 0800682 0800683
0800684 0800694 0800726 0800753 0800779 0800800 0800813 0800834 0800862
0800904 0800916 0800941 0800943 0800955 0800956 0800968 0800990 0800993
0801033 0801036 0801059 0801084 0801137 0801151 0801181 0801204 0801210
0801235 0801256 0801280 0801285 0801288 0801311 0801356 0801399 0801460
0801507 0801513 0801523 0801525 0801532 0801535 0801601 0801602 0801642
0801653 0801720 0801783 0801798 0801808 0801814 0801861 0801869 0801870
0801880 0801883 0801896 0801914 0801921 0801922 0801923 0801930 0801933
0801939 0802078 0802079 0802092 0802093 0802165 0802176 0802226 0802268
0802270 0802278 0802289 0802297 0802300 0802350 0802355 0802375 0802386
0802400 0802403 0802440 0802496 0802536 0802551 0802596 0802598 0802623
0802655 0802677 0802696 0802721 0802728 0802779 0802829 0802832 0802833
0802839 0802858 0802864 0802890 0802921 0802928 0802944 0802949 0802961
0802987 0803007 0803016 0803020 0803101 0803132 0803152 0803179 0803189
0803192 0803227 0803264 0803287 0803294 0803306 0803322 0803340 0803341
0803350 0803371 0803402 0803485 0803495 0803515 0803550 0803575 0803593
0803597 0803626 0803629 0803670 0803677 0803679 0803681 0803696 0803711
0803733 0803775 0803783 0803787 0803814 0803827 0803869 0803885 0803902
0803964 0803974 0803994 0803999 0804001 0804006 0804060 0804100 0804132
0804144 0804175 0804179 0804194 0804199 0804204 0804213 0804222 0804226
0804240 0804242 0804257 0804282 0804286 0804347 0804354 0804355 0804402
0804408 0804425 0804443 0804484 0804517 0804533 0804538 0804556 0804564
0804572 0804592 0804618 0804631 0804638 0804652 0804658 0804667 0804697
0804713 0804721 0804765 0804812 0804822 0804839 0804870 0804872 0804879
0804887 0804897 0804908 0804927 0804935 0804941 0804946 0804967 0804979
0804984 0804993 0805008 0805037 0805049 0805063 0805072 0805157 0805172
0805176 0805184 0805197 0805213 0805219 0805235 0805239 0805267 0805269
0805272 0805292 0805298 0805303 0805317 0805326 0805332 0805357 0805377
0805380 0805381 0805394 0805411 0805420 0805425 0805495 0805520 0805541
0805624 0805650 0805683 0805719 0805729 0805745 0805767 0805776 0805800
0805810 0805821 0805872 0805901 0805916 0805957 0805967 0805994 0806006
0806019 0806065 0806105 0806109 0806115 0806121 0806128 0806137 0806149
0806160 0806177 0806179 0806212 0806225 0806265 0806270 0806305 0806312
0806315 0806324 0806333 0806342 0806356 0806440 0806469 0806472 0806494
0806499 0806504 0806510 0806538 0806539 0806580 0806583 0806593 0806625
0806654 0806679 0806682 0806685 0806686 0806710 0806719 0806729 0806733
0806822 0806836 0806929 0806940 0806942 0806956 0806959 0807032 0807076
0807084 0807115 0807123 0807126 0807165 0807170 0807229 0807240 0807244
0807276 0807281 0807284 0807299 0807336 0807337 0807339 0807363 0807367
0807421 0807422 0807473 0807489 0807501 0807536 0807558 0807650 0807664
0807667 0807668 0807671 0807705 0807722 0807729 0807775 0807780 0807802
0807808 0807819 0807840 0807841 0807867 0807874 0807907 0807928 0807940
0807958 0808008 0808036 0808043 0808046 0808059 0808071 0808072 0808074
0808090 0808153 0808176 0808178 0808222 0808226 0808236 0808279 0808309
0808321 0808327 0808335 0808339 0808340 0808349 0808354 0808358 0808379
0808403 0808406 0808426 0808432 0808452 0808466 0808510 0808526 0808538
0808552 0808553 0808620 0808692 0808703 0808705 0808758 0808819 0808827
0808841 0808856 0808924 0808929 0808946 0808954 0808998 0809039 0809076
0809088 0809109 0809112 0809141 0809161 0809164 0809177 0809179 0809211
0809218 0809220 0809234 0809239 0809266 0809277 0809299 0809324 0809332
0809357 0809358 0809445 0809448 0809462 0809491 0809496 0809508 0809513
0809558 0809568 0809573 0809577 0809599 0809649 0809671 0809681 0809700
0809713 0809753 0809796 0809836 0809911 0809977 0809982 0810006 0810019
0810032 0810051 0810059 0810073 0810074 0810076 0810156 0810167 0810168
0810192 0810238 0810243 0810270 0810277 0810279 0810301 0810349 0810369
0810381 0810383 0810400 0810412 0810439 0810463 0810501 0810529 0810552
0810565 0810571 0810579 0810584 0810617 0810626 0810632 0810652 0810663
0810676 0810682 0810692 0810702 0810714 0810722 0810724 0810740 0810768
0810792 0810829 0810849 0810871 0810899 0810909 0810913 0810926 0810979
0811017 0811077 0811113 0811128 0811136 0811142 0811170 0811184 0811202
0811210 0811253 0811350 0811364 0811391 0811415 0811417 0811482 0811491
0811511 0811520 0811521 0811525 0811557 0811567 0811571 0811582 0811584
0811630 0811634 0811699 0811716 0811720 0811740 0811750 0811763 0811771
0811794 0811795 0811798 0811801 0811819 0811842 0811927 0811935 0811956
0811981 0811997 0812009 0812020 0812035 0812051 0812115 0812162 0812205
0812234 0812254 0812273 0812276 0812293 0812300 0812306 0812395 0812398
0812425 0812446 0812463 0812466 0812486 0812487 0812509 0812547 0812551
0812578 0812624 0812632 0812671 0812673 0812701 0812709 0812715 0812723
0812752 0812782 0812787 0812806 0812808 0812814 0812818 0812840 0812906
0812909 0812918 0812934 0812956 0812959 0813004 0813012 0813013 0813046
0813054 0813061 0813135 0813142 0813153 0813189 0813193 0813197 0813223
0813257 0813270 0813274 0813277 0813280 0813316 0813322 0813340 0813373
0813394 0813418 0813431 0813459 0813470 0813494 0813507 0813535 0813553
0813565 0813623 0813638 0813661 0813671 0813682 0813718 0813755 0813827
0813832 0813849 0813871 0813883 0813901 0813930 0813944 0813961 0814008
0814042 0814045 0814069 0814112 0814214 0814265 0814271 0814275 0814278
0814301 0814303 0814306 0814314 0814326 0814375 0814397 0814406 0814423
0814457 0814461 0814486 0814501 0814525 0814539 0814555 0814607 0814673
0814701 0814706 0814712 0814724 0814731 0814755 0814780 0814791 0814807
0814815 0814829 0814831 0814840 0814870 0814875 0814896 0814907 0814938
0814956 0814967 0814979 0814999 0815021 0815072 0815085 0815098 0815123
0815129 0815148 0815151 0815167 0815195 0815227 0815261 0815289 0815313
0815331 0815349 0815357 0815367 0815396 0815423 0815442 0815458 0815541
0815574 0815586 0815610 0815614 0815640 0815644 0815654 0815666 0815699
0815712 0815713 0815731 0815792 0815812 0815825 0815829 0815861 0815871
0815895 0815946 0815955 0816002 0816014 0816054 0816061 0816066 0816078
0816093 0816130 0816143 0816155 0816170 0816180 0816205 0816231 0816283
0816288 0816294 0816311 0816348 0816350 0816368 0816369 0816453 0816482
0816502 0816510 0816530 0816541 0816577 0816610 0816663 0816664 0816668
0816680 0816692 0816711 0816734 0816741 0816754 0816761 0816790 0816805
0816871 0816886 0816899 0816949 0816951 0816971 0817014 0817045 0817064
0817068 0817088 0817121 0817122 0817146 0817180 0817194 0817203 0817212
0817259 0817260 0817287 0817295 0817324 0817349 0817379 0817388 0817417
0817500 0817505 0817554 0817585 0817587 0817605 0817665 0817668 0817708
0817725 0817748 0817787 0817809 0817819 0817851 0817922 0817935 0817941
0817942 0817947 0817981 0818004 0818024 0818036 0818037 0818040 0818041
0818045 0818059 0818068 0818086 0818087 0818119 0818121 0818127 0818157
0818194 0818214 0818243 0818356 0818397 0818443 0818456 0818457 0818464
0818526 0818541 0818620 0818622 0818630 0818634 0818638 0818641 0818643
0818671 0818693 0818694 0818703 0818708 0818729 0818731 0818742 0818750
0818757 0818779 0818810 0818840 0818853 0818855 0818857 0818903 0818912
0818915 0818927 0818975 0818998 0819059 0819092 0819103 0819116 0819129
0819160 0819262 0819312 0819333 0819340 0819352 0819368 0819370 0819429
0819520 0819522 0819523 0819578 0819591 0819598 0819603 0819617 0819621
0819624 0819633 0819635 0819637 0819676 0819681 0819707 0819712 0819732
0819749 0819772 0819776 0819790 0819833 0819840 0819870 0819900 0819905
0819922 0819947 0819962 0820000 0820026 0820043 0820051 0820057 0820065
0820087 0820093 0820120 0820143 0820160 0820184 0820204 0820229 0820235
0820238 0820247 0820331 0820333 0820334 0820388 0820391 0820415 0820425
0820433 0820451 0820457 0820460 0820476 0820492 0820493 0820507 0820513
0820526 0820538 0820549 0820550 0820551 0820588 0820596 0820605 0820638
0820666 0820720 0820759 0820810 0820848 0820876 0820884 0820901 0820931
0820949 0820956 0820972 0820979 0820982 0821010 0821031 0821066 0821092
0821096 0821116 0821135 0821139 0821155 0821160 0821162 0821186 0821191
0821201 0821228 0821237 0821252 0821264 0821289 0821354 0821360 0821406
0821408 0821413 0821458 0821489 0821519 0821524 0821535 0900009 0900143
0900161 0900270 0900303 0900359 0900373 0900459 0900470 0900499 1000046
1000074 1000225 1000287 1000308 1000358 1000474 1000550 1000551 1000607
1000726 1000752 1000782 1000933 1001023 1001173 1001283 1001303 1001361
1001368 1001408 1001439 1001450 1001506 1001562 1001627 1001721 1001811
1001871 1001887 1002018 1002055 1002142 1002205 1002212 1002333 1002503
1002512 1002533 1002571 1002612 1002766 1002809 1100043 1100069 1100141
1100159 1100189 1100209 1100244 1100245 1100259 1100274 1100336 1100384
1100392 1100414 1100426 1100501 1100523 1100538 1100588 1100652 1100672
1100681 1100701 1100717 1100735 1100757 1100761 1100777 1100793 1100809
1100814 1100825 1100841 1100843 1100877 1100882 1100884 1100902 1100920
1100969 1100982 1101015 1101068 1101102 1101108 1101124 1101125 1101128
1101155 1101203 1101220 1101222 1101319 1101331 1101362 1101378 1101388
1101402 1101412 1101421 1101452 1101504 1101523 1101589 1101615 1101647
1101655 1101684 1101693 1101742 1101754 1101763 1101785 1102005 1102038
1102065 1102114 1102174 1102206 1102239 1102278 1102300 1102318 1102340
1102350 1102412 1102470 1102487 1102575 1102580 1102587 1102594 1102617
1102625 1102652 1102659 1102662 1102687 1102735 1102739 1102742 1102779
1102807 1102811 1102815 1102825 1102833 1102859 1102869 1102871 1102899
1102942 1102975 1103047 1103058 1103067 1103106 1103119 1103136 1103155
1103159 1103345 1103355 1103375 1103416 1103421 1103459 1103471 1103475
1103590 1103598 1103665 1103668 1103700 1103739 1103748 1103758 1103759
1103762 1103832 1103849 1103872 1103876 1103927 1103944 1103954 1103972
1103982 1104006 1104038 1104064 1104069 1104103 1104141 1104173 1104197
1104204 1104270 1104284 1104396 1104404 1104410 1104490 1104498 1104506
1104670 1104710 1104766 1104775 1104785 1104798 1104799 1104804 1104818
1200004 1200025 1200053 1200098 1200102 1200141 1200247 1200313 1200327
1200403 1200407 1200463 1200492 1200499 1200501 1200506 1200579 1200859
1200934 1200981 1201002 1201128 1201294 1201372 1201441 1201531 1201561
1201643 1201658 1201809 1201816 1201839 1201940 1201979 1201989 1202002
1202009 1300046 1300084 1300216 1300220 1300223 1300263 1300311 1300338
1300394 1300437 1300472 1300608 1300709 1300722 1300740 1300752 1300758
1300861 1301102 1301254 1301275 1400056 1400070 1400142 1400143 1400226
1400336 1400406 1400416 1400418 1400443 1400462 1400475 1400477 1400497
1400502 1400554 1400559 1400561 1400593 1400628 1400638 1400658 1400660
1400664 1400687 1400695 1400823 1400829 1400849 1400939 1400987 1401012
1401070 1401075 1401082 1401093 1401102 1401112 1401128 1401143 1401146
1401172 1401177 1401194 1401260 1401276 1401312 1401360 1401386 1401399
1401431 1401433 1401438 1401488 1401566 1401641 1401642 1401660 1401681
1401717 1401721 1401768 1401863 1401916 1401970 1401972 1401977 1401993
1401996 1402038 1402076 1402104 1402129 1402176 1402179 1402246 1402279
1402296 1402312 1402332 1402347 1402375 1402441 1402444 1402485 1402524
1402527 1402535 1402538 1402561 1402564 1402612 1402760 1402791 1402833
1402848 1402866 1402879 1402886 1402905 1402911 1402933 1403133 1403156
1403201 1403204 1403229 1403233 1403317 1403368 1403376 1403397 1403437
1403466 1403481 1403502 1403560 1403580 1403583 1403603 1403675 1403778
1403832 1403852 1403878 1403922 1403958 1403987 1404006 1404065 1404068
1404114 1404121 1404145 1404373 1404387 1404401 1404445 1500002 1500021
1500034 1500079 1500083 1500102 1500113 1500117 1500143 1500183 1500189
1500224 1500237 1500248 1500258 1500285 1500291 1500317 1500318 1500356
1500446 1500483 1500498 1500562 1500563 1500567 1500571 1500577 1500592
1500613 1500629 1500643 1500655 1500692 1500713 1500725 1500730 1500731
1500742 1500781 1500796 1500806 1500820 1500822 1500842 1500848 1500878
1500881 1500882 1500894 1500910 1500937 1500948 1500964 1500965 1501004
1501040 1501045 1501046 1501058 1501092 1501094 1501112 1501114 1501115
1501140 1501141 1501158 1501174 1501191 1501217 1501271 1501322 1501330
1501339 1501347 1501353 1501361 1501374 1501388 1501390 1501404 1501446
1501452 1501455 1501465 1501476 1501478 1501486 1501498 1501504 1501520
1501527 1501542 1501560 1501575 1501639 1501645 1501685 1501701 1501707
1501715 1501724 1501727 1501728 1501739 1501747 1501773 1501777 1501815
1501837 1501855 1501864 1501884 1501903 1501905 1501915 1501961 1501963
1502001 1502019 1502021 1502025 1502083 1502096 1502107 1502114 1502124
1502140 1502163 1502176 1502185 1502220 1502228 1502232 1502239 1502265
1502303 1502310 1502329 1502330 1502357 1502510 1502538 1502541 1502578
1502585 1502613 1502633 1502640 1502747 1502767 1502771 1502774 1502782
1502811 1502818 1502824 1502832 1502862 1502886 1502895 1502900 1502918
1502957 1502968 1502978 1502997 1503049 1503096 1503131 1503137 1503145
1503147 1503154 1503183 1700036 1700054 1700327 1700392 1700506 1700511
1700611 1700619 1700644 1900005 1900097 1900132 1900183 1900197 1900273
1900290 1900355 1900502 1900712 1900800 1900804 1900849 1900871 1900912
2400190 2400558 2400629 2400649 2400916 2401016 2401051 2401185 2401214
2401614 2401741 2600006 2600050 2600076 2600160 2600282 2600304 2600319
2600327 2600452 2600521 2600532 2600585 2600595 2600617 2600682 2600718
2600759 2600793 2600842 2600844 2600875 2600938 2600964 2601007 2601073
2601079 2601179 2601233 2601261 2601272 2601336 2601349 2601412 2601431
2601435 2601465 2601577 2601649 2601676 2601767 2601771 2601789 2601814
2601946 2601998 2602057 2602081 2602091 2602130 2602168 2602179 2602184
2602221 2602224 2602236 2602253 2602278 2602286 2602307 2602314 2602363
2602401 2602414 2602421 2602424 2602451 2602477 2602599 2602663 2602731
2602772 2602810 2602814 2602836 2603003 2603014 2603115 2603150 2603163
2603186 2603217 2603252 2603280 2603350 2603356 2603375 2603396 2603448
2603463 2603466 2603478 2603489 2603512 2603527 2603569 2603576 2603698
2603700 2603746 2603765 2603782 2603788 2603819 2603883 2603893 2603894
2603941 2603958 2603985 2604007 2604035 2604053 2604143 2604161 2604185
2604257 2604267 2604339 2604349 2604409 2604445 2604456 2604471 2604476
2604602 2604654 2604672 2604701 2604720 2604761 2604768 2604836 2604880
2604884 2604887 2604893 2604908 2604918 2604928 2604959 2604963 2605071
2605109 2605157 2605384 2605407 2605438 3400106 3400165 3400180 3400211
3400237 3400266 3400292 3400306 3400324 3400328 3400424 3400505 3400593
3400603 3400615 3400616 3400711 3400738 3400778 3400795 3400797 3400802
3400852 3400862 3400931 3400932 3400940 3400960 3400964 3400973 3400976
3401008 3401039 3401145 3401146 3401158 3401217 3401266 3500041 3500069
3500084 3500086 3500091 3500106 3500170 3500191 3500224 3500234 3500259
3500310 3500382 3500399 3500442 3500457 3500469 3500487 3500490 3500495
3500501 3500533 3500598 3500691 3500722 3500808 3500874 3500911 3501039
3501073 3501103 3501120 3501142 3501158 3501226 3501258 3501271 3501326
3501415 3501530 3501602 3501653 3501664 3501667 3501670 3501709 3501767
3501783 3501787 3501808 3501878 3501879 3501897 3501960 3501967 3501980
3501989 3502037 3502090 3502105 3502185 3502247 3502257 3502328 3502374
3502384 3502399 3502401 3502437 3502475 3502487 3502631 3502660 3502738
3502745 3502798 3502955 3502960 3502996 3503107 3503108 3503153 3503157
3503178 3503189 3503212 3503217 3503237 3503346 3503454 3503477 3503486
3503491 3503494 3503497 3503538 3503562 3503586 3503611 3503703 3503725
3503745 3503786 3503828 3503834 3503835 3503891 3503928 3503957 3503961
3503976 3504023 3504042 3504050 3504053 3504061 3504062 3504073 3504082
3504177 3504195 3504199 3504216 3504291 3504317 3504335 3504378 3504382
3504384 3504455 3504462 3504468 3504494 3504521 3504595 3504618 3504654
3504689 3504694 3504737 3504748 3504755 3504824 3504826 3504889 3504945
3504954 3504960 3505005 3505025 3505113 3505121 3505132 3505156 3505159
3505215 3505221 3505243 3505255 3505287 3505294 3505344 3505390 3505449
3505460 3505476 3505592 3505633 3600009 3600071 3600124 3600138 3600144
3600168 3600239 3600263 3600285 3600306 3600473 3900014 3900064 3900159
3900161 3900399 3900560 4000005 4000020 4000186 4000247 4000351 4000379
4100038 4100046 4100070 4100075 4100122 4100126 4100157 4100160 4100179
4100325 4100343 4100401 4100420 4100445 4100448 4100472 4100475 4100524
4100542 4100569 4100620 4100670 4100739 4100773 4100833 4100836 4100849
4100912 4100984 4100996 4101022 4101078 4101083 4101101 4101160 4101164
4101167 4101171 4101181 4101182 4101225 4200022 4200042 4200052 4200059
4400314 4500031 4500057 4500062 4600151 4900001 4900042 4900079 4900145
4900218 4900220 4900249 4900254 4900296 4900429 4900521 4900575 4900595
4900606 5000002 5000080 5000202 5000270 5100134 5100234 5100337 5100362
5100472 5100512 5101072 5101090 5101130 5101250 5101267 5101425 5101436
5200012 5200043 5200096 5200102 5200135 5200250 5200288 5200361 5200376
5300047 5300128 5300214 5400060 5400081 5400132 5400156 5400157 5400264
5400280 5400303 5400359 5400383 5400394 5400417 5400418 5400432 5400465
5400483 5400497 5400522 5400526 5400545 5400623 5400627 5400677 5400771
5400776 5400838 5400851 5400896 5400933 5400950 5401023 5401056 5401092
5401105 5401135 5401174 5401183 5401201 5401206 5401230 5401270 5401276
5401277 5401314 5401383 5401406 5401420 5401462 5401498 5401508