0100034 0100036 0100092 0100123 0100127 0100149 0100186 0100226 0100247
0100271 0100337 0100352 0100441 0100488 0100741 0100755 0100760 0100762
0100778 0100819 0100876 0100907 0101002 0101019 0101034 0101111 0101142
0101170 0101269 0101274 0101294 0101451 0101502 0101518 0101534 0101567
0101576 0101671 0101694 0101778 0200235 0200391 0200639 0200679 0200839
0201305 0201313 0201617 0201650 0201727 0201732 0201807 0201819 0201854
0201907 0202177 0202307 0202383 0300040 0300043 0300050 0300122 0300128
0300132 0300167 0300220 0300232 0300322 0300341 0300391 0300427 0300434
0300450 0300517 0300533 0300544 0300556 0300628 0300633 0300659 0300663
0300675 0300680 0300686 0300688 0300800 0300822 0300847 0300857 0300896
0300921 0300936 0300995 0301009 0301010 0301050 0301062 0301093 0301219
0301359 0301388 0301445 0301475 0301496 0301517 0301628 0301717 0301875
0301945 0302066 0302080 0302128 0302196 0302231 0302235 0302294 0302346
0302350 0302384 0302406 0302465 0302485 0302523 0302602 0302613 0302624
0302641 0302690 0302706 0302738 0302739 0302858 0302859 0302918 0302937
0302955 0302989 0303003 0303010 0400009 0400078 0400120 0400147 0400236
0400352 0400421 0400528 0400563 0400568 0400594 0400621 0400634 0400657
0400687 0400703 0400713 0400715 0400727 0400816 0400999 0401031 0401034
0401124 0401167 0401237 0401280 0401295 0401302 0401357 0401368 0401370
0401436 0401438 0401595 0401621 0401624 0401673 0401684 0401849 0401916
0401935 0402032 0402077 0402091 0402165 0402228 0402233 0402278 0402297
0402312 0402379 0402476 0402562 0402567 0402621 0402670 0402674 0402703
0402725 0402802 0402804 0402846 0402854 0402905 0402956 0402983 0402984
0500093 0500112 0500113 0500157 0500240 0500383 0500411 0500412 0500440
0500444 0500459 0500541 0500599 0500651 0500896 0500904 0500934 0500977
0501000 0501048 0501051 0501066 0501111 0501128 0501138 0501156 0501160
0501169 0501185 0501219 0501351 0501387 0501428 0501479 0501490 0501497
0501508 0501545 0501555 0501614 0501660 0501695 0501722 0501729 0501739
0501747 0501773 0501798 0501829 0501850 0501853 0501883 0501889 0501908
0501923 0501997 0502031 0502037 0502065 0502106 0502142 0502188 0502222
0502242 0502297 0502310 0502377 0502401 0502426 0502508 0502542 0502633
0502705 0502861 0502911 0502938 0502978 0502983 0503178 0503181 0503241
0503323 0503332 0503359 0503390 0503393 0503414 0503467 0503479 0503484
0503528 0503532 0503540 0503562 0503659 0503697 0503743 0503791 0503816
0503869 0504183 0504240 0504255 0504268 0504426 0504433 0504447 0504450
0504552 0504559 0504560 0504576 0504584 0504714 0504716 0504747 0504882
0504898 0504964 0505062 0505224 0505281 0505333 0505377 0505425 0505485
0505513 0505532 0505534 0505563 0505608 0505682 0505806 0505866 0505892
0505894 0505929 0505933 0505958 0506034 0506099 0506181 0506234 0506265
0506300 0506352 0506375 0506377 0506459 0506480 0506482 0506509 0506516
0600021 0600224 0600234 0600369 0600389 0600404 0600416 0600515 0600530
0600539 0600542 0600549 0600561 0600637 0600639 0600702 0600709 0600785
0600874 0600882 0600955 0601027 0601053 0601119 0601163 0601185 0601200
0601242 0601279 0601335 0601363 0601379 0601405 0601418 0601423 0601460
0601461 0601467 0601473 0601643 0601680 0601689 0601691 0601692 0601733
0601774 0601887 0602083 0602106 0602116 0602161 0602292 0602408 0602487
0602580 0700004 0700208 0700214 0700272 0700314 0700424 0700531 0700692
0700693 0700932 0700991 0701093 0701172 0701240 0701433 0701456 0701693
0800207 0800299 0800316 0800352 0800357 0800369 0800409 0800434 0800541
0800584 0800659 0800683 0800684 0800694 0800800 0800813 0800850 0800904
0800916 0800990 0801033 0801083 0801140 0801156 0801183 0801195 0801204
0801259 0801307 0801533 0801549 0801559 0801593 0801611 0801653 0801698
0801725 0801738 0801755 0801896 0801914 0801923 0801930 0801933 0801939
0801962 0802079 0802092 0802104 0802159 0802176 0802228 0802268 0802278
0802297 0802298 0802314 0802322 0802342 0802375 0802477 0802496 0802551
0802623 0802696 0802829 0802832 0802890 0802932 0802999 0803001 0803026
0803048 0803294 0803340 0803401 0803420 0803606 0803626 0803629 0803677
0803680 0803696 0803711 0803718 0803869 0803885 0803911 0803951 0804006
0804060 0804066 0804101 0804226 0804242 0804299 0804350 0804402 0804533
0804556 0804564 0804572 0804592 0804629 0804658 0804664 0804667 0804765
0804800 0804808 0804870 0804875 0804922 0804948 0804984 0804993 0805008
0805080 0805102 0805176 0805181 0805184 0805194 0805213 0805267 0805269
0805272 0805275 0805298 0805326 0805394 0805419 0805420 0805425 0805559
0805571 0805581 0805607 0805624 0805675 0805683 0805741 0805767 0805782
0805806 0805872 0805901 0805916 0805957 0806121 0806179 0806315 0806440
0806451 0806480 0806499 0806510 0806557 0806654 0806686 0806719 0806729
0806820 0806865 0806956 0807032 0807076 0807170 0807232 0807276 0807367
0807383 0807424 0807437 0807473 0807501 0807536 0807667 0807689 0807722
0807741 0807775 0807841 0807867 0807878 0807928 0807961 0807978 0808029
0808036 0808178 0808226 0808309 0808321 0808327 0808340 0808350 0808452
0808490 0808536 0808538 0808553 0808639 0808650 0808689 0808853 0808864
0808874 0808929 0808946 0809011 0809026 0809160 0809161 0809244 0809299
0809324 0809332 0809358 0809431 0809447 0809462 0809486 0809496 0809508
0809553 0809556 0809599 0809671 0809755 0809760 0809894 0809899 0810019
0810032 0810034 0810041 0810073 0810076 0810084 0810192 0810321 0810369
0810412 0810571 0810663 0810676 0810740 0810768 0810792 0810859 0810936
0810948 0810988 0810993 0811005 0811012 0811017 0811036 0811077 0811142
0811170 0811256 0811279 0811356 0811403 0811462 0811482 0811511 0811567
0811584 0811699 0811721 0811763 0811860 0811911 0811956 0812019 0812033
0812115 0812153 0812205 0812273 0812293 0812398 0812425 0812460 0812578
0812624 0812672 0812673 0812682 0812701 0812709 0812715 0812723 0812752
0812782 0812806 0812814 0812908 0812959 0812964 0812999 0813004 0813013
0813054 0813064 0813135 0813185 0813193 0813262 0813316 0813340 0813459
0813547 0813549 0813633 0813638 0813671 0813832 0813837 0813849 0813883
0813901 0813930 0813949 0814065 0814076 0814107 0814112 0814125 0814151
0814152 0814235 0814306 0814696 0814706 0814731 0814735 0814763 0814780
0814791 0814829 0814832 0814870 0814882 0815072 0815197 0815255 0815403
0815614 0815644 0815713 0815731 0815778 0815861 0815873 0815987 0816014
0816024 0816093 0816143 0816180 0816250 0816295 0816311 0816469 0816482
0816510 0816531 0816541 0816588 0816668 0816711 0816884 0816932 0816951
0817039 0817045 0817059 0817176 0817194 0817206 0817229 0817234 0817329
0817398 0817417 0817500 0817519 0817585 0817787 0817819 0817864 0817941
0817942 0817951 0817971 0818004 0818012 0818036 0818041 0818059 0818127
0818214 0818259 0818358 0818426 0818443 0818456 0818458 0818459 0818464
0818482 0818540 0818552 0818641 0818693 0818742 0818755 0818838 0818840
0818929 0818998 0819059 0819129 0819164 0819292 0819333 0819423 0819439
0819496 0819519 0819520 0819573 0819598 0819601 0819617 0819619 0819621
0819635 0819707 0819833 0819926 0819962 0820051 0820073 0820087 0820130
0820160 0820255 0820331 0820333 0820415 0820451 0820475 0820493 0820520
0820528 0820538 0820605 0820648 0820666 0820759 0820765 0820802 0820848
0820884 0820912 0820979 0821010 0821031 0821096 0821135 0821162 0821186
0821191 0821228 0821237 0821337 0821406 0821444 0900161 0900270 0900373
0900459 0900470 1000046 1000074 1000157 1000179 1000225 1000287 1000358
1000362 1000550 1000551 1000607 1000726 1000750 1000752 1000782 1000986
1001023 1001123 1001173 1001242 1001283 1001354 1001361 1001368 1001408
1001430 1001433 1001439 1001450 1001506 1001512 1001562 1001563 1001627
1001721 1001811 1001871 1001887 1001919 1002011 1002018 1002036 1002055
1002071 1002135 1002205 1002212 1002333 1002451 1002503 1002533 1002542
1002571 1002732 1002766 1002807 1002809 1002866 1100161 1100189 1100209
1100244 1100259 1100261 1100523 1100544 1100588 1100701 1100777 1100785
1100805 1100806 1100824 1100882 1100969 1100982 1101038 1101048 1101102
1101133 1101220 1101246 1101297 1101319 1101331 1101378 1101388 1101391
1101421 1101440 1101504 1101611 1101636 1101655 1101684 1101693 1101763
1101854 1101986 1102135 1102153 1102206 1102239 1102254 1102300 1102412
1102575 1102617 1102659 1102709 1102739 1102805 1102811 1102860 1102902
1103047 1103067 1103155 1103255 1103345 1103382 1103416 1103465 1103540
1103665 1103668 1103739 1103744 1103794 1103814 1103832 1103849 1103876
1103954 1103972 1103981 1104006 1104046 1104067 1104124 1104141 1104173
1104181 1104204 1104243 1104337 1104364 1104399 1104541 1104636 1104746
1104766 1104812 1104813 1200004 1200025 1200051 1200053 1200060 1200098
1200132 1200135 1200141 1200247 1200303 1200313 1200327 1200403 1200463
1200471 1200486 1200492 1200501 1200506 1200578 1200582 1200666 1200752
1200797 1200859 1200914 1200934 1201002 1201207 1201246 1201294 1201372
1201404 1201434 1201441 1201651 1201658 1201665 1201809 1201816 1201820
1201830 1201839 1201940 1201979 1201989 1202002 1202009 1300046 1300077
1300084 1300106 1300122 1300216 1300263 1300265 1300311 1300394 1300437
1300472 1300510 1300587 1300608 1300640 1300709 1300722 1300740 1300752
1300758 1300861 1301115 1301174 1301275 1400475 1400477 1400560 1400590
1400628 1400658 1400664 1400695 1400986 1401075 1401176 1401194 1401244
1401431 1401491 1401526 1401613 1401754 1401840 1401917 1402031 1402038
1402099 1402296 1402312 1402333 1402375 1402535 1402561 1402564 1402848
1402933 1403063 1403131 1403204 1403229 1403241 1403292 1403362 1403376
1403801 1403818 1403987 1404006 1404011 1404045 1404065 1404114 1404211
1404379 1500183 1500563 1500592 1500704 1500897 1501141 1501339 1501542
1501575 1501654 1501685 1501777 1501936 1502021 1502163 1502232 1502300
1502472 1502620 1502794 1502832 1503049 1503164 1503209 1600001 1600058
1700054 1700092 1700115 1700158 1700174 1700211 1700327 1700506 1700734
1900008 1900048 1900122 1900170 1900197 1900273 1900290 1900355 1900502
1900646 1900682 1900800 1900804 1900849 1900915 1900925 2400134 2400225
2400408 2400623 2400629 2400873 2400958 2400961 2401016 2401051 2401185
2401193 2401214 2401272 2401383 2401386 2401580 2401612 2401614 2401732
2401741 2401819 2401876 2600076 2600115 2600483 2600525 2600595 2600600
2600793 2600847 2600938 2600961 2601035 2601121 2601131 2601233 2601304
2601336 2601349 2601635 2601643 2601649 2601685 2601767 2602081 2602184
2602192 2602221 2602236 2602259 2602363 2602401 2602413 2602451 2602599
2602663 2603003 2603014 2603150 2603186 2603207 2603396 2603576 2603628
2603650 2603698 2603883 2603894 2603958 2603985 2603993 2604006 2604007
2604371 2604404 2604471 2604476 2604563 2604588 2604701 2604720 2604893
2604908 3400026 3400052 3400106 3400204 3400292 3400306 3400312 3400328
3400329 3400500 3400567 3400593 3400638 3400643 3400742 3400778 3400931
3400940 3400941 3400976 3400981 3401008 3401053 3401063 3401102 3401145
3401158 3401217 3401223 3500041 3500052 3500075 3500084 3500086 3500091
3500106 3500191 3500193 3500234 3500254 3500304 3500326 3500364 3500378
3500399 3500442 3500457 3500495 3500501 3500522 3500655 3500685 3500911
3501039 3501110 3501120 3501142 3501156 3501158 3501226 3501258 3501298
3501347 3501405 3501422 3501530 3501591 3501653 3501664 3501667 3501670
3501767 3501772 3501808 3501879 3501923 3501945 3501967 3501989 3502232
3502247 3502257 3502328 3502374 3502399 3502437 3502472 3502569 3502798
3502894 3502960 3503101 3503178 3503187 3503201 3503212 3503221 3503231
3503237 3503346 3503468 3503477 3503486 3503491 3503562 3503611 3503725
3503786 3503884 3504023 3504037 3504050 3504073 3504199 3504228 3504285
3504289 3504335 3504378 3504383 3504384 3504455 3504618 3504689 3504737
3504755 3504759 3504857 3504917 3504945 3504960 3504982 3505025 3505121
3505215 3505277 3505286 3505287 3505369 3505377 3505460 3505476 3505592
3600009 3600111 3600123 3600124 3600168 3600239 3600285 3600306 3600397
3600473 3900014 3900059 3900064 3900159 3900161 3900179 3900399 3900426
3900434 3900552 3900560 4000005 4000011 4000020 4000031 4000063 4000069
4000077 4000111 4000119 4000123 4000186 4000351 4000379 4100075 4100122
4100126 4100472 4100475 4100522 4100598 4100693 4100826 4100836 4100906
4100977 4100996 4101007 4101013 4101171 4200022 4500031 4600151 4700030
4900042 4900094 4900116 4900117 4900137 4900145 4900149 4900218 4900249
4900250 4900296 4900326 4900477 4900521 4900575 4900595 4900606 4900629
5000002 5000093 5000155 5000202 5000270 5100056 5100134 5100315 5100362
5100472 5100512 5101072 5101090 5101130 5101182 5101220 5101425 5200012
5200096 5200102 5200133 5200139 5200265 5200361 5200376 5300076 5400132
5400263 5400264 5400359 5400383 5400417 5400429 5400528 5400776 5400851
5401002 5401174 5401183 5401206 5401277 5401314 5401383 5401384