0100036 0100123 0100205 0100242 0100247 0100324 0100344 0100352 0100597
0100607 0100722 0100741 0100747 0100755 0100760 0100778 0100819 0100876
0100914 0100939 0100964 0101000 0101002 0101034 0101142 0101167 0101269
0101274 0101336 0101346 0101420 0101451 0101502 0101534 0101567 0101602
0101693 0101778 0101818 0101836 0101877 0101936 0101978 0102036 0102039
0102095 0102111 0102132 0102138 0102277 0102294 0102303 0102390 0102400
0102409 0102437 0102497 0102547 0102571 0102578 0102588 0102638 0102640
0102675 0102701 0102713 0102716 0102724 0102798 0102954 0102998 0103059
0103064 0103067 0103158 0103164 0103204 0103245 0103315 0103345 0103349
0103353 0103357 0103424 0103484 0103485 0103490 0103495 0103496 0103503
0103515 0103564 0103577 0103587 0200101 0200155 0200228 0200235 0200290
0200317 0200346 0200358 0200390 0200391 0200399 0200410 0200451 0200513
0200543 0200583 0200676 0200807 0200815 0200826 0200831 0200839 0200851
0200885 0200891 0200920 0200930 0200939 0200975 0200981 0200988 0201004
0201005 0201023 0201037 0201042 0201099 0201113 0201149 0201210 0201241
0201261 0201311 0201355 0201358 0201362 0201364 0201406 0201449 0201460
0201462 0201467 0201471 0201489 0201519 0201536 0201592 0201599 0201617
0201628 0201650 0201688 0201698 0201721 0201727 0201732 0201746 0201774
0201799 0201802 0201817 0201821 0201822 0201845 0201854 0201855 0201895
0201902 0201907 0201908 0201911 0201912 0201937 0201965 0201966 0201967
0202024 0202028 0202033 0202081 0202174 0202177 0202178 0202209 0202269
0202317 0202323 0202330 0202333 0202343 0202355 0202374 0202377 0202383
0202394 0202401 0202500 0202504 0202547 0202601 0202647 0202654 0202659
0202660 0202666 0202676 0202746 0202812 0202924 0202963 0202987 0203033
0203036 0203062 0203084 0203092 0203117 0203139 0203229 0203265 0203278
0203299 0203323 0203343 0203410 0203472 0203477 0203587 0203614 0203627
0203662 0203690 0203754 0203787 0203802 0203828 0203889 0204106 0204141
0204172 0204191 0204260 0204265 0204266 0204278 0204315 0204316 0204478
0204511 0204516 0204579 0204681 0204756 0204827 0204907 0205019 0205052
0205085 0205106 0205125 0205273 0205275 0205303 0205312 0205342 0205387
0205424 0205442 0205464 0205470 0205498 0205534 0205536 0205561 0205590
0205603 0205630 0300037 0300043 0300067 0300091 0300128 0300167 0300312
0300341 0300345 0300355 0300391 0300427 0300434 0300436 0300524 0300564
0300565 0300628 0300633 0300659 0300686 0300688 0300724 0300784 0300786
0300847 0300869 0300885 0300916 0301010 0301062 0301077 0301106 0301215
0301238 0301283 0301321 0301325 0301376 0301399 0301411 0301418 0301445
0301633 0301675 0301715 0301717 0301740 0301812 0301875 0301916 0301945
0301981 0302030 0302081 0302128 0302196 0302231 0302235 0302292 0302294
0302339 0302350 0302406 0302465 0302470 0302530 0302597 0302602 0302613
0302624 0302641 0302659 0302690 0302738 0302796 0302858 0302859 0302943
0302961 0303010 0303068 0303092 0303113 0303119 0303228 0303309 0303362
0303383 0303389 0303443 0303509 0303519 0303523 0303549 0303551 0303559
0303574 0303589 0303658 0303665 0303666 0303669 0303672 0303724 0303735
0303742 0303859 0303947 0304036 0304051 0304052 0304067 0304164 0304213
0304253 0304254 0304270 0304272 0304298 0304305 0304310 0304317 0304400
0304411 0304491 0304501 0304511 0304568 0304625 0304696 0304812 0304823
0304833 0304867 0304916 0304964 0305027 0305041 0305053 0305074 0305165
0305208 0305214 0305234 0305240 0305269 0305271 0305377 0305437 0305489
0305640 0305664 0305670 0305672 0305728 0305775 0305820 0305835 0305836
0305854 0306077 0306163 0400007 0400009 0400016 0400078 0400088 0400096
0400120 0400146 0400151 0400155 0400181 0400236 0400293 0400376 0400385
0400390 0400397 0400421 0400483 0400594 0400657 0400659 0400677 0400687
0400715 0400727 0400742 0400758 0400763 0400826 0400837 0400999 0401031
0401070 0401077 0401100 0401132 0401143 0401167 0401268 0401280 0401295
0401360 0401370 0401395 0401414 0401438 0401447 0401500 0401527 0401536
0401575 0401595 0401624 0401673 0401684 0401766 0401810 0401867 0401916
0401921 0401927 0401935 0401972 0401975 0402000 0402009 0402091 0402139
0402165 0402233 0402278 0402284 0402292 0402297 0402312 0402379 0402430
0402490 0402499 0402524 0402546 0402558 0402567 0402569 0402589 0402621
0402628 0402725 0402777 0402802 0402804 0402806 0402810 0402816 0402836
0402846 0402872 0402905 0402956 0402983 0402984 0402990 0403033 0403035
0403037 0403089 0403167 0403232 0403272 0403278 0403299 0403324 0403406
0403535 0403538 0403610 0403634 0403659 0403723 0403754 0403768 0403837
0403868 0403967 0404004 0404043 0404045 0404125 0404195 0404246 0404281
0404353 0404359 0404367 0404384 0404439 0404473 0404504 0404511 0404598
0404629 0404698 0404761 0404823 0404853 0404857 0404965 0405022 0405141
0405224 0405247 0405317 0405335 0405339 0405382 0405407 0405455 0405502
0405513 0405524 0405540 0405563 0405607 0405643 0405662 0405681 0405763
0405778 0405959 0405973 0406034 0406061 0406066 0406080 0406096 0406142
0406166 0406190 0406203 0406220 0406268 0406329 0406334 0406338 0406354
0406390 0406392 0406397 0406473 0406500 0406504 0406536 0406599 0406634
0500043 0500093 0500112 0500162 0500227 0500240 0500314 0500383 0500412
0500444 0500452 0500459 0500541 0500599 0500651 0500708 0500738 0500808
0500852 0500871 0500896 0500898 0500904 0500929 0500996 0501000 0501048
0501053 0501066 0501085 0501111 0501128 0501156 0501169 0501185 0501315
0501351 0501357 0501387 0501401 0501428 0501465 0501475 0501479 0501490
0501497 0501508 0501514 0501545 0501555 0501614 0501660 0501695 0501729
0501745 0501759 0501798 0501829 0501853 0501883 0501889 0501908 0501912
0501978 0501997 0502001 0502031 0502037 0502065 0502142 0502148 0502188
0502201 0502242 0502243 0502297 0502310 0502364 0502377 0502401 0502426
0502438 0502481 0502501 0502505 0502508 0502579 0502633 0502672 0502704
0502705 0502718 0502781 0502878 0502930 0502938 0502978 0502983 0503005
0503007 0503010 0503033 0503124 0503178 0503181 0503189 0503241 0503393
0503395 0503459 0503467 0503484 0503528 0503532 0503540 0503559 0503562
0503599 0503646 0503659 0503694 0503697 0503732 0503743 0503788 0503791
0503816 0503836 0503869 0503928 0503958 0503991 0504104 0504144 0504183
0504255 0504286 0504351 0504433 0504450 0504486 0504525 0504542 0504560
0504602 0504623 0504658 0504714 0504747 0504770 0504781 0504864 0504882
0504898 0504922 0504964 0504975 0505034 0505048 0505062 0505086 0505184
0505224 0505228 0505241 0505262 0505281 0505333 0505344 0505425 0505434
0505470 0505485 0505513 0505532 0505534 0505563 0505607 0505642 0505649
0505656 0505682 0505700 0505709 0505730 0505792 0505806 0505817 0505882
0505892 0505909 0505929 0505933 0505957 0505958 0505987 0506012 0506015
0506034 0506041 0506045 0506099 0506178 0506242 0506371 0506375 0506377
0506378 0506439 0506475 0506482 0506530 0506552 0506617 0506671 0506688
0506702 0506725 0506730 0506814 0506816 0506845 0506863 0506878 0506976
0507049 0507051 0507117 0507143 0507150 0507182 0507203 0507205 0507273
0507276 0507345 0507377 0507389 0507391 0507429 0507449 0507485 0507500
0507520 0507611 0507625 0507705 0507735 0507771 0507785 0507805 0507896
0507921 0507923 0507962 0507982 0508034 0508074 0508158 0508271 0508287
0508330 0508373 0508374 0508416 0508445 0508493 0508503 0508573 0508594
0508687 0508693 0508713 0508714 0508747 0508763 0508836 0508872 0509076
0509107 0509132 0509146 0509148 0509149 0509266 0509355 0509380 0509487
0509498 0509517 0509536 0509582 0509620 0509628 0509650 0509651 0509729
0509740 0509757 0509795 0509800 0509810 0509836 0509849 0509857 0509891
0509898 0509901 0509932 0509935 0509945 0510001 0510107 0510114 0510117
0510119 0510130 0510159 0510205 0510243 0510378 0510438 0510439 0510440
0510463 0510469 0510591 0510593 0510608 0510628 0510650 0510671 0510774
0510775 0510776 0510783 0510788 0510793 0510798 0510815 0510835 0510858
0510866 0510947 0510976 0510979 0511009 0511088 0511099 0511212 0511247
0511251 0511292 0511419 0511428 0511437 0511449 0511460 0511489 0511528
0511531 0511573 0511607 0511609 0511628 0511635 0511645 0511734 0511757
0511792 0511901 0511916 0511936 0512076 0512100 0512104 0512110 0512123
0512125 0512150 0512270 0512287 0512335 0512429 0512480 0512483 0512495
0512523 0512558 0512601 0512616 0512620 0512698 0512710 0512712 0512717
0512719 0512746 0512764 0512771 0512844 0512846 0512884 0512889 0512891
0512912 0512931 0512953 0512960 0512999 0513037 0513042 0513073 0513079
0513159 0513182 0513191 0513214 0513229 0513236 0513248 0513272 0513277
0513293 0513294 0513328 0513388 0513389 0513452 0513531 0513546 0513554
0513573 0513578 0513643 0513657 0513661 0513708 0513716 0513764 0600147
0600151 0600189 0600234 0600258 0600267 0600280 0600369 0600389 0600508
0600515 0600520 0600539 0600702 0600709 0600835 0600855 0600874 0600986
0601048 0601053 0601074 0601160 0601163 0601185 0601200 0601279 0601379
0601405 0601422 0601460 0601473 0601512 0601529 0601628 0601680 0601689
0601692 0601699 0601733 0601774 0601814 0601832 0601887 0601899 0601985
0601996 0602106 0602161 0602194 0602292 0602363 0602408 0602436 0602453
0602487 0602535 0602714 0602847 0602850 0602854 0602873 0603056 0603160
0603181 0603211 0603217 0603254 0603266 0603337 0603368 0603371 0603419
0603446 0603461 0603506 0603510 0603537 0603539 0603596 0603601 0603604
0603618 0603723 0603736 0603802 0603864 0603890 0603919 0603939 0603944
0604014 0604110 0604175 0604208 0604229 0604262 0604323 0604341 0604358
0604515 0604554 0604574 0604628 0604650 0604694 0604719 0604741 0604748
0604825 0604860 0604870 0604882 0604888 0604914 0604932 0604935 0604960
0605003 0605050 0605097 0605146 0605159 0605206 0605218 0605226 0605244
0605249 0605314 0605329 0605337 0700003 0700167 0700208 0700272 0700314
0700337 0700342 0700377 0700432 0700519 0700537 0700574 0700692 0700922
0700932 0700983 0700989 0700991 0701172 0701240 0701383 0701387 0701388
0701433 0701453 0701456 0701488 0701521 0701556 0701578 0701693 0701708
0701869 0701946 0702003 0702062 0702184 0702208 0702313 0702363 0702402
0702430 0702498 0702525 0702552 0702635 0702676 0702794 0702903 0702910
0703069 0703103 0703143 0703155 0703184 0800067 0800068 0800084 0800090
0800126 0800166 0800187 0800207 0800250 0800260 0800280 0800282 0800290
0800295 0800301 0800308 0800316 0800326 0800340 0800352 0800355 0800357
0800365 0800369 0800385 0800400 0800409 0800412 0800434 0800451 0800479
0800480 0800506 0800508 0800511 0800536 0800541 0800546 0800654 0800659
0800677 0800683 0800694 0800726 0800753 0800790 0800800 0800823 0800834
0800847 0800862 0800892 0800904 0800943 0800947 0800955 0800956 0800968
0800990 0800993 0801007 0801033 0801035 0801036 0801055 0801059 0801081
0801084 0801101 0801132 0801137 0801138 0801150 0801151 0801171 0801181
0801210 0801235 0801256 0801280 0801288 0801311 0801356 0801369 0801399
0801427 0801460 0801507 0801519 0801521 0801523 0801525 0801526 0801531
0801533 0801541 0801559 0801594 0801601 0801602 0801653 0801685 0801720
0801727 0801755 0801783 0801798 0801805 0801808 0801861 0801870 0801883
0801896 0801922 0801923 0801933 0801939 0801945 0801962 0802078 0802079
0802093 0802147 0802155 0802165 0802176 0802206 0802208 0802212 0802255
0802268 0802278 0802289 0802295 0802300 0802375 0802386 0802400 0802403
0802496 0802500 0802536 0802593 0802596 0802598 0802604 0802655 0802659
0802677 0802696 0802721 0802779 0802821 0802824 0802826 0802832 0802833
0802864 0802890 0802921 0802934 0802944 0802949 0802961 0802987 0803001
0803007 0803016 0803020 0803026 0803041 0803048 0803070 0803117 0803152
0803179 0803189 0803192 0803231 0803236 0803264 0803294 0803306 0803310
0803322 0803341 0803350 0803402 0803420 0803454 0803474 0803485 0803495
0803515 0803533 0803538 0803550 0803575 0803591 0803593 0803626 0803629
0803670 0803677 0803681 0803705 0803737 0803783 0803799 0803814 0803827
0803869 0803872 0803885 0803895 0803911 0803949 0803964 0803994 0803999
0804001 0804006 0804100 0804118 0804131 0804132 0804144 0804161 0804175
0804179 0804194 0804198 0804199 0804226 0804230 0804240 0804242 0804257
0804265 0804268 0804278 0804286 0804347 0804350 0804354 0804355 0804402
0804408 0804424 0804425 0804442 0804443 0804464 0804484 0804485 0804528
0804538 0804556 0804564 0804592 0804618 0804631 0804638 0804652 0804658
0804667 0804677 0804697 0804713 0804721 0804739 0804765 0804793 0804812
0804839 0804872 0804875 0804879 0804887 0804897 0804898 0804908 0804913
0804922 0804927 0804935 0804941 0804944 0804946 0804967 0804984 0804993
0805049 0805063 0805072 0805115 0805157 0805172 0805176 0805181 0805196
0805197 0805213 0805219 0805235 0805239 0805240 0805267 0805272 0805274
0805285 0805292 0805317 0805326 0805332 0805350 0805357 0805377 0805378
0805380 0805411 0805425 0805439 0805473 0805488 0805505 0805520 0805541
0805592 0805607 0805611 0805624 0805650 0805683 0805694 0805719 0805722
0805724 0805729 0805741 0805745 0805755 0805767 0805776 0805806 0805821
0805823 0805846 0805851 0805859 0805872 0805894 0805901 0805928 0805957
0805967 0805971 0805983 0805994 0806006 0806019 0806030 0806065 0806105
0806109 0806112 0806115 0806121 0806128 0806149 0806157 0806160 0806177
0806179 0806191 0806192 0806212 0806225 0806265 0806305 0806312 0806315
0806324 0806332 0806333 0806356 0806419 0806440 0806494 0806504 0806505
0806510 0806538 0806557 0806580 0806583 0806593 0806625 0806644 0806654
0806679 0806682 0806686 0806710 0806725 0806729 0806733 0806747 0806807
0806820 0806836 0806900 0806912 0806929 0806940 0806942 0806956 0806959
0807075 0807123 0807126 0807151 0807158 0807165 0807166 0807170 0807197
0807217 0807281 0807284 0807299 0807322 0807330 0807335 0807336 0807337
0807339 0807367 0807373 0807391 0807407 0807422 0807423 0807437 0807473
0807489 0807501 0807536 0807545 0807552 0807558 0807565 0807575 0807603
0807656 0807664 0807667 0807668 0807671 0807689 0807702 0807705 0807729
0807741 0807743 0807745 0807780 0807802 0807808 0807819 0807826 0807841
0807855 0807867 0807874 0807878 0807881 0807894 0807895 0807906 0807918
0807928 0807940 0807948 0807958 0807978 0808008 0808015 0808036 0808043
0808072 0808090 0808110 0808130 0808147 0808153 0808176 0808178 0808219
0808226 0808232 0808236 0808237 0808279 0808309 0808321 0808327 0808335
0808340 0808346 0808350 0808354 0808358 0808379 0808403 0808406 0808432
0808433 0808452 0808466 0808490 0808510 0808538 0808553 0808585 0808592
0808620 0808632 0808639 0808692 0808703 0808705 0808743 0808819 0808853
0808856 0808874 0808882 0808896 0808924 0808925 0808929 0808946 0808953
0808954 0808991 0808998 0809011 0809039 0809043 0809076 0809088 0809109
0809112 0809128 0809141 0809161 0809164 0809177 0809179 0809211 0809218
0809220 0809239 0809244 0809247 0809324 0809332 0809357 0809358 0809359
0809364 0809392 0809416 0809420 0809431 0809447 0809448 0809452 0809462
0809482 0809487 0809491 0809496 0809525 0809556 0809558 0809568 0809577
0809599 0809629 0809638 0809649 0809671 0809681 0809713 0809742 0809753
0809761 0809794 0809796 0809834 0809836 0809900 0809942 0809965 0809982
0810000 0810006 0810019 0810032 0810045 0810046 0810051 0810059 0810070
0810074 0810076 0810093 0810100 0810122 0810156 0810192 0810211 0810238
0810243 0810246 0810270 0810274 0810278 0810301 0810305 0810321 0810349
0810379 0810390 0810412 0810452 0810501 0810529 0810548 0810565 0810571
0810579 0810606 0810617 0810652 0810664 0810682 0810692 0810712 0810714
0810722 0810724 0810740 0810768 0810792 0810803 0810829 0810859 0810865
0810909 0810912 0810926 0810946 0811005 0811036 0811077 0811113 0811128
0811136 0811142 0811170 0811202 0811210 0811215 0811218 0811223 0811233
0811340 0811350 0811363 0811391 0811403 0811415 0811417 0811480 0811482
0811491 0811502 0811520 0811521 0811525 0811557 0811567 0811582 0811584
0811599 0811601 0811608 0811620 0811630 0811633 0811653 0811676 0811699
0811716 0811720 0811728 0811729 0811740 0811750 0811771 0811795 0811798
0811801 0811863 0811935 0811952 0811956 0811981 0811997 0812009 0812015
0812020 0812026 0812033 0812042 0812057 0812082 0812112 0812115 0812121
0812153 0812162 0812205 0812209 0812226 0812235 0812254 0812259 0812269
0812273 0812293 0812300 0812306 0812370 0812383 0812395 0812398 0812432
0812446 0812460 0812466 0812473 0812487 0812509 0812510 0812514 0812551
0812578 0812605 0812632 0812668 0812682 0812692 0812701 0812715 0812723
0812752 0812759 0812782 0812787 0812806 0812808 0812814 0812818 0812826
0812840 0812875 0812883 0812906 0812908 0812909 0812913 0812918 0812934
0812941 0812956 0812959 0812965 0812994 0813000 0813004 0813012 0813013
0813028 0813046 0813054 0813061 0813095 0813097 0813105 0813112 0813126
0813133 0813135 0813144 0813153 0813170 0813197 0813199 0813216 0813234
0813262 0813277 0813316 0813322 0813340 0813347 0813373 0813392 0813394
0813417 0813418 0813431 0813451 0813489 0813494 0813503 0813507 0813517
0813535 0813553 0813590 0813623 0813627 0813638 0813661 0813667 0813671
0813682 0813729 0813746 0813755 0813787 0813805 0813849 0813863 0813900
0813901 0813961 0814008 0814042 0814069 0814112 0814125 0814138 0814171
0814210 0814214 0814271 0814275 0814278 0814301 0814303 0814306 0814375
0814397 0814406 0814457 0814461 0814466 0814486 0814498 0814500 0814523
0814531 0814539 0814555 0814601 0814607 0814673 0814696 0814706 0814712
0814717 0814724 0814731 0814746 0814750 0814755 0814780 0814791 0814807
0814815 0814825 0814829 0814831 0814840 0814875 0814896 0814907 0814934
0814936 0814938 0814940 0814944 0814945 0814965 0814967 0814999 0815030
0815040 0815072 0815098 0815100 0815123 0815129 0815148 0815183 0815195
0815197 0815210 0815227 0815231 0815289 0815313 0815331 0815349 0815357
0815367 0815377 0815383 0815442 0815458 0815525 0815526 0815527 0815541
0815574 0815586 0815602 0815610 0815614 0815640 0815644 0815699 0815712
0815713 0815731 0815778 0815792 0815812 0815825 0815829 0815861 0815871
0815873 0815895 0815923 0815955 0816002 0816024 0816061 0816066 0816078
0816093 0816137 0816143 0816145 0816170 0816180 0816186 0816194 0816205
0816231 0816250 0816283 0816311 0816348 0816350 0816368 0816369 0816380
0816407 0816432 0816453 0816460 0816469 0816470 0816502 0816510 0816512
0816523 0816530 0816549 0816565 0816573 0816577 0816588 0816602 0816615
0816618 0816619 0816663 0816664 0816671 0816680 0816711 0816734 0816740
0816741 0816754 0816805 0816812 0816830 0816840 0816869 0816871 0816877
0816884 0816911 0816915 0816929 0816940 0816949 0816951 0817014 0817036
0817039 0817045 0817064 0817068 0817074 0817080 0817088 0817103 0817121
0817122 0817146 0817176 0817180 0817206 0817208 0817212 0817229 0817234
0817259 0817295 0817324 0817349 0817388 0817393 0817398 0817417 0817424
0817446 0817499 0817500 0817533 0817546 0817554 0817561 0817587 0817605
0817640 0817665 0817668 0817685 0817729 0817748 0817765 0817787 0817809
0817811 0817819 0817832 0817841 0817851 0817855 0817922 0817935 0817938
0817941 0817947 0817951 0817971 0817981 0818004 0818012 0818024 0818036
0818037 0818040 0818045 0818059 0818068 0818086 0818087 0818119 0818121
0818123 0818127 0818190 0818194 0818212 0818214 0818229 0818269 0818352
0818356 0818374 0818380 0818397 0818419 0818426 0818443 0818451 0818456
0818457 0818458 0818459 0818464 0818496 0818552 0818578 0818620 0818630
0818641 0818643 0818660 0818671 0818672 0818693 0818703 0818706 0818708
0818715 0818719 0818729 0818731 0818741 0818742 0818750 0818757 0818773
0818779 0818786 0818810 0818820 0818831 0818855 0818857 0818912 0818963
0818964 0818988 0818998 0819060 0819062 0819088 0819103 0819129 0819138
0819155 0819160 0819262 0819292 0819312 0819333 0819352 0819368 0819370
0819429 0819439 0819440 0819466 0819520 0819522 0819523 0819573 0819578
0819591 0819601 0819603 0819610 0819617 0819621 0819624 0819633 0819639
0819642 0819676 0819707 0819712 0819726 0819732 0819749 0819772 0819776
0819790 0819825 0819832 0819833 0819870 0819874 0819900 0819905 0819926
0819947 0819962 0820000 0820043 0820051 0820057 0820065 0820073 0820093
0820143 0820169 0820173 0820189 0820204 0820218 0820228 0820229 0820235
0820238 0820247 0820255 0820291 0820325 0820331 0820333 0820334 0820369
0820370 0820388 0820391 0820415 0820425 0820453 0820460 0820463 0820475
0820489 0820492 0820493 0820507 0820526 0820542 0820549 0820550 0820551
0820588 0820596 0820600 0820605 0820629 0820638 0820648 0820652 0820665
0820666 0820696 0820720 0820765 0820793 0820810 0820848 0820884 0820899
0820901 0820931 0820949 0820956 0820982 0820987 0821010 0821013 0821059
0821066 0821092 0821116 0821135 0821139 0821148 0821155 0821159 0821162
0821186 0821191 0821201 0821225 0821228 0821252 0821256 0821259 0821264
0821289 0821292 0821297 0821325 0821328 0821354 0821371 0821377 0821406
0821413 0821426 0821458 0821489 0821524 0821535 0821548 0821554 0821610
0821612 0821617 0821629 0821630 0821640 0821702 0821778 0821787 0821795
0821828 0821908 0821914 0821950 0821962 0821983 0822017 0822026 0822033
0822038 0822039 0822047 0822049 0822066 0822073 0822076 0822078 0822093
0822097 0822106 0822154 0822158 0822166 0822199 0822253 0822257 0822272
0822277 0822299 0822325 0822329 0822350 0822358 0822363 0822371 0822372
0822386 0822393 0822412 0822439 0822519 0822543 0822548 0822570 0822577
0822583 0822632 0822644 0822654 0822666 0822699 0822719 0822752 0822758
0822806 0822826 0822846 0822871 0822890 0822911 0822918 0822927 0822943
0822974 0822990 0823013 0823051 0823070 0823076 0823098 0823120 0823146
0823171 0823178 0823185 0823186 0823204 0823225 0823249 0823274 0823280
0823287 0823345 0823355 0823379 0823388 0823422 0823433 0823445 0823470
0823496 0823535 0823544 0823565 0823578 0823588 0823599 0823690 0823732
0823741 0823755 0823769 0823770 0823785 0823804 0823806 0823808 0823814
0823866 0823867 0823874 0823899 0823917 0823918 0823940 0823953 0823972
0823997 0824002 0824024 0824032 0824052 0824100 0824129 0824136 0824149
0824163 0824183 0824187 0824193 0824199 0824241 0824246 0824261 0824271
0824280 0824282 0824296 0824315 0824335 0824367 0824471 0824473 0824485
0824487 0824495 0824497 0824501 0824519 0824551 0824554 0824558 0824570
0824573 0824581 0824604 0824615 0824650 0824705 0824717 0824727 0824761
0824786 0824790 0824802 0824805 0824824 0824829 0824845 0824846 0824862
0824871 0824877 0824894 0824903 0824941 0824952 0824953 0824959 0824971
0825078 0825106 0825109 0825140 0825147 0825158 0825167 0825173 0825180
0825267 0825268 0825285 0825310 0825326 0825328 0825365 0825447 0825460
0825474 0825479 0825492 0825521 0825546 0825569 0825592 0825594 0825651
0825667 0825675 0825682 0825710 0825715 0825780 0825783 0825793 0825808
0825812 0825842 0825854 0825916 0825998 0826005 0826042 0826046 0826101
0826103 0826143 0826182 0826209 0826216 0826218 0826236 0826243 0826254
0826282 0826323 0826340 0826343 0826361 0826365 0826369 0826383 0826437
0826446 0826451 0826493 0826514 0826522 0826526 0826533 0826578 0826626
0826651 0826658 0826660 0826678 0826687 0826710 0826732 0826746 0826782
0826806 0826813 0826820 0826824 0826829 0826847 0826848 0826849 0826864
0826870 0826872 0826873 0826875 0826893 0826915 0826930 0826934 0826947
0826965 0826970 0826988 0826997 0826999 0827004 0827005 0827013 0827022
0827069 0827096 0827098 0827105 0827109 0827139 0827183 0827222 0827281
0827299 0827307 0827341 0827357 0827362 0827363 0827370 0827375 0827411
0827414 0827415 0827461 0827473 0827476 0827495 0827497 0827503 0827505
0827525 0827547 0827550 0827552 0827553 0827574 0827588 0827593 0827605
0827636 0827661 0827680 0827706 0827722 0827738 0827742 0827744 0827754
0827755 0827759 0827781 0827804 0827806 0827846 0827904 0827908 0827913
0827917 0827944 0827949 0827952 0827971 0827975 0827984 0828051 0828084
0828090 0828115 0828141 0828161 0828165 0828175 0828197 0828212 0828213
0828233 0828244 0828249 0828287 0828293 0828294 0828333 0828354 0828368
0828371 0828375 0828382 0828399 0828415 0828421 0828437 0828453 0828498
0828527 0828533 0828537 0828538 0828572 0828582 0828618 0828649 0828754
0828758 0828785 0828788 0828803 0828853 0828934 0828938 0828948 0828993
0828999 0829022 0829037 0829055 0829057 0829066 0829079 0829086 0829104
0829105 0829152 0829179 0829198 0829233 0829245 0829313 0829317 0829321
0829322 0829357 0829359 0829412 0829419 0829452 0829472 0829509 0829524
0829548 0829571 0829581 0829591 0829599 0829611 0829612 0829633 0829634
0829638 0829651 0829683 0829709 0829728 0829734 0829736 0829807 0829824
0829828 0829832 0829839 0829860 0829868 0829870 0829905 0829972 0830030
0830035 0830047 0830096 0830174 0830182 0830195 0830206 0830213 0830231
0830252 0830300 0830319 0830352 0830370 0830371 0830405 0830413 0830530
0830539 0830547 0830571 0830602 0830604 0830715 0830721 0830746 0830783
0830802 0830813 0830849 0830872 0830874 0830886 0830914 0830961 0830979
0830994 0831000 0831017 0831049 0831056 0831080 0831088 0831115 0831133
0831135 0831140 0831145 0831153 0831162 0831258 0831274 0831302 0831310
0831343 0831388 0831489 0831515 0831517 0831532 0831540 0831558 0831572
0831577 0831580 0831598 0831608 0831672 0831687 0831714 0831756 0831774
0831788 0831810 0831816 0831819 0831964 0831971 0831997 0832004 0832012
0832013 0832017 0832048 0832051 0832057 0832081 0832091 0832135 0832172
0832175 0832177 0832182 0832216 0832225 0832234 0832274 0832284 0832300
0832341 0832348 0832421 0832483 0832504 0832510 0832526 0832537 0832558
0832596 0832621 0832622 0832626 0832628 0832655 0832669 0832703 0832740
0832751 0832793 0832794 0832803 0832813 0832820 0832825 0832834 0832844
0832877 0832893 0832894 0832897 0832904 0832918 0832955 0832969 0832989
0833025 0833027 0833038 0833040 0833126 0833200 0833204 0833257 0833273
0833309 0833323 0833404 0833416 0833430 0833446 0833458 0833471 0833490
0833503 0833523 0833536 0833557 0833558 0833604 0833605 0833606 0833608
0833615 0833620 0833643 0833647 0833648 0833663 0833665 0833675 0833688
0833743 0833750 0833759 0833775 0833777 0833788 0833793 0833810 0833813
0833817 0833828 0833829 0833836 0833903 0833925 0833927 0833948 0833995
0834022 0834042 0834101 0834114 0834133 0834146 0834181 0834182 0834190
0834209 0834211 0834217 0834250 0834259 0834279 0834280 0834286 0834300
0834308 0834315 0834316 0834346 0834372 0834391 0834421 0834465 0834478
0834533 0834559 0834565 0834576 0834611 0834617 0834639 0834674 0834680
0834692 0834693 0834725 0834733 0834748 0834788 0834823 0834831 0834837
0834873 0834877 0834906 0834907 0834923 0834958 0834977 0834981 0834982
0835009 0835014 0835029 0835038 0835080 0835084 0835099 0835111 0835123
0835124 0835176 0835186 0835233 0835255 0835264 0835296 0835319 0835327
0835344 0835345 0835350 0835353 0835375 0835386 0835388 0835414 0835439
0835445 0835511 0835512 0835545 0835585 0835598 0835603 0835612 0835641
0835655 0835660 0835674 0835677 0835702 0835735 0835739 0835752 0835767
0835773 0835784 0835792 0835795 0835801 0835809 0835813 0835848 0835850
0835877 0835925 0835951 0835956 0835973 0835987 0835988 0835999 0836037
0836042 0836064 0836084 0836124 0836155 0836157 0836193 0836203 0836206
0836254 0836269 0836281 0836311 0836338 0836374 0836390 0836395 0836415
0836416 0836422 0836503 0836519 0836520 0836535 0836543 0836553 0836554
0836555 0836556 0836562 0836564 0836570 0836603 0836606 0836633 0836652
0836687 0836741 0836745 0836753 0836762 0836793 0836813 0836814 0836827
0836831 0836853 0836860 0836955 0836967 0836990 0837005 0837007 0837027
0837033 0837038 0837044 0837066 0837089 0837098 0837107 0837120 0837148
0837163 0837168 0837172 0837186 0837205 0837226 0837260 0837271 0837306
0837337 0837359 0837398 0837406 0837448 0837502 0837507 0837533 0837628
0837648 0837685 0837698 0837701 0837702 0837719 0837767 0837779 0837804
0837820 0837860 0837864 0837884 0837890 0837903 0837928 0837932 0838000
0838009 0838074 0838081 0838082 0838098 0838102 0838111 0838135 0838167
0838202 0838211 0838230 0838240 0838255 0838315 0838333 0838340 0838349
0838374 0838376 0838392 0838413 0838430 0838435 0838442 0838444 0838445
0838446 0838458 0838466 0838477 0838492 0838517 0838532 0838549 0838555
0838595 0838614 0838625 0838628 0838629 0838630 0838636 0838642 0838646
0838651 0838773 0838779 0838798 0838828 0838843 0838855 0838859 0838896
0838943 0838956 0838964 0839003 0839009 0839027 0839045 0839063 0839092
0839113 0839122 0839126 0839130 0839148 0839150 0839180 0839185 0839186
0839251 0839274 0839277 0839280 0839303 0839314 0839315 0839327 0839337
0839362 0839408 0839461 0839469 0839485 0839576 0839601 0839621 0839657
0839663 0839664 0839673 0839719 0839722 0839769 0839784 0839789 0839820
0839851 0839885 0839893 0839911 0839923 0839946 0839948 0839956 0839980
0840000 0840025 0840036 0840065 0840070 0840119 0840131 0840136 0840154
0840169 0840190 0840195 0840266 0840268 0840286 0840299 0840308 0840310
0840333 0840396 0840404 0840412 0840414 0840415 0840416 0840455 0840479
0840484 0840487 0840498 0840501 0840510 0840542 0840551 0840554 0840565
0840578 0840613 0840690 0840709 0840713 0840716 0840724 0840726 0840766
0840775 0840787 0840788 0840806 0840809 0840811 0840835 0840843 0840847
0840851 0840918 0840966 0840971 0840980 0840985 0841024 0841039 0841040
0841052 0841071 0841115 0841134 0841136 0841156 0841191 0841195 0841198
0841205 0841209 0841211 0841239 0841258 0841261 0841275 0841292 0841365
0841379 0841388 0841409 0841413 0841428 0841435 0841447 0841463 0841481
0841518 0841526 0841542 0841556 0841597 0841618 0841663 0841718 0841733
0841754 0841773 0841784 0841790 0841817 0841824 0841857 0841859 0841860
0841878 0841938 0841951 0841976 0841980 0842032 0842054 0842060 0842082
0842108 0842124 0842134 0842138 0842160 0842177 0842179 0842184 0842205
0842220 0842224 0842237 0842243 0842274 0842284 0842287 0842302 0842322
0842349 0842356 0842388 0842429 0842431 0842440 0842458 0842469 0842476
0842478 0842483 0842484 0842545 0842578 0842584 0842647 0842669 0842683
0842693 0842702 0842706 0842727 0842745 0842776 0842809 0842849 0842870
0842904 0842938 0842941 0842953 0842993 0843001 0843011 0843021 0843023
0843028 0843033 0843036 0843039 0843075 0843076 0843117 0843147 0843180
0843197 0843202 0843207 0843208 0843217 0843225 0843231 0843265 0843268
0843307 0843309 0843327 0843333 0843350 0843359 0843370 0843373 0843390
0843393 0843448 0843461 0843462 0843473 0843478 0843479 0843497 0843511
0843516 0843530 0843575 0843609 0843617 0843644 0843647 0843655 0843662
0843672 0843682 0843706 0843725 0843731 0843764 0843784 0843825 0843835
0843848 0843849 0843891 0843896 0843959 0843968 0843981 0843986 0844017
0844057 0844073 0844101 0844103 0844107 0844138 0844181 0844189 0844198
0844222 0844295 0844316 0844343 0844368 0844373 0844416 0844453 0844479
0844503 0844530 0844559 0844563 0844570 0844579 0844604 0844611 0844623
0844625 0844632 0844635 0844637 0844675 0844680 0844762 0844839 0844872
0844896 0844922 0844933 0844941 0844971 0844990 0845020 0845055 0845060
0845097 0845109 0845137 0845140 0845165 0845194 0845216 0845222 0845224
0845249 0845268 0845276 0845277 0845287 0845300 0845313 0845334 0845472
0845500 0845550 0845554 0845555 0845568 0845571 0845590 0845616 0845625
0845634 0845645 0845661 0845673 0845680 0845694 0845730 0845737 0845744
0845745 0845767 0845785 0845812 0845815 0845819 0845834 0845836 0845839
0845849 0845854 0845856 0845935 0845941 0845945 0845959 0845984 0846009
0846016 0846020 0846056 0846069 0846095 0846096 0846099 0846100 0846141
0846244 0846287 0846292 0846318 0846334 0846360 0846368 0846374 0846386
0846420 0846465 0846489 0846496 0846506 0846509 0846520 0846547 0846549
0846572 0846582 0846588 0846604 0846610 0846615 0846628 0846667 0846679
0846687 0846740 0846772 0846828 0846831 0846832 0846875 0846876 0846878
0846879 0846900 0846913 0846924 0846954 0846957 0846959 0846965 0847000
0847033 0847041 0847056 0847060 0847070 0847101 0847107 0847123 0847124
0847135 0847142 0847153 0847176 0847194 0847203 0847219 0847249 0847258
0847310 0847331 0847376 0847387 0847394 0847405 0847431 0847471 0847495
0847509 0847515 0847547 0847550 0847571 0847593 0847630 0847653 0847698
0847781 0847788 0847792 0847795 0847826 0847848 0847868 0847886 0847895
0847927 0847954 0848001 0848025 0848040 0848073 0848088 0848092 0848124
0848151 0848158 0848198 0848221 0848267 0848270 0848272 0848279 0848290
0848313 0848327 0848331 0848334 0848336 0848366 0848372 0848378 0848416
0848465 0848472 0848486 0848498 0848501 0848511 0848515 0848548 0848559
0848599 0848613 0848627 0848628 0848642 0848657 0848674 0848675 0848698
0848701 0848707 0848743 0848747 0848785 0848838 0848857 0848941 0848968
0848981 0848984 0848986 0849027 0849031 0849045 0849058 0900009 0900055
0900184 0900293 0900303 0900364 0900459 0900470 0900499 0900523 0900535
0900639 0900723 0900778 0900920 0900994 0900996 0901013 0901016 0901019
0901097 1000046 1000141 1000157 1000178 1000225 1000287 1000303 1000358
1000360 1000474 1000550 1000551 1000563 1000576 1000607 1000709 1000715
1000726 1000752 1000782 1000896 1000930 1000974 1000986 1001023 1001173
1001283 1001303 1001354 1001361 1001408 1001439 1001450 1001458 1001486
1001506 1001517 1001627 1001721 1001806 1001811 1001871 1001887 1002018
1002055 1002135 1002142 1002205 1002212 1002226 1002281 1002333 1002362
1002533 1002571 1002705 1002732 1002753 1002766 1002809 1002917 1002955
1002995 1003037 1003039 1003137 1003175 1003190 1003196 1003333 1003373
1003387 1003416 1003519 1003557 1003609 1003622 1003629 1003648 1003697
1003729 1003738 1003828 1003829 1003840 1003849 1003933 1003962 1004001
1004038 1004066 1004068 1004153 1004191 1004252 1004287 1004309 1004311
1004335 1004460 1004493 1004552 1004595 1004598 1004616 1004748 1004762
1004808 1004869 1004912 1004954 1004997 1005021 1005081 1005106 1005281
1005323 1005366 1005384 1005392 1005396 1005494 1005600 1005665 1005755
1005872 1005879 1005911 1005980 1005998 1006012 1006029 1006071 1006073
1006085 1006102 1006155 1006163 1006194 1100043 1100071 1100085 1100209
1100232 1100244 1100245 1100259 1100274 1100336 1100370 1100436 1100469
1100592 1100651 1100684 1100701 1100717 1100757 1100761 1100777 1100785
1100790 1100793 1100805 1100809 1100843 1100884 1100902 1100920 1100969
1100997 1101015 1101038 1101068 1101102 1101106 1101108 1101124 1101125
1101128 1101155 1101203 1101220 1101222 1101283 1101314 1101326 1101362
1101367 1101378 1101402 1101412 1101421 1101504 1101589 1101630 1101659
1101684 1101690 1101693 1101714 1101848 1101869 1101873 1101996 1102050
1102065 1102118 1102174 1102206 1102239 1102254 1102257 1102278 1102300
1102340 1102397 1102412 1102470 1102487 1102575 1102594 1102617 1102625
1102637 1102659 1102662 1102687 1102709 1102726 1102739 1102742 1102755
1102779 1102796 1102811 1102825 1102833 1102869 1102899 1102942 1102975
1103047 1103058 1103109 1103119 1103136 1103155 1103159 1103255 1103308
1103322 1103416 1103421 1103553 1103598 1103665 1103700 1103739 1103754
1103758 1103759 1103794 1103846 1103869 1103876 1103886 1103927 1103932
1103944 1103972 1104006 1104035 1104038 1104067 1104102 1104103 1104141
1104145 1104170 1104173 1104197 1104243 1104364 1104399 1104404 1104410
1104427 1104498 1104503 1104506 1104541 1104633 1104636 1104670 1104710
1104715 1104766 1104775 1104785 1104798 1104818 1104829 1104841 1104874
1104923 1104973 1105076 1105093 1105169 1105255 1105285 1105291 1105295
1105304 1105338 1105346 1105508 1105580 1105634 1105717 1105736 1105740
1105744 1105761 1105815 1105828 1105835 1105891 1105924 1105954 1105965
1105986 1105998 1106002 1106015 1106052 1106056 1106072 1106103 1106117
1106148 1106187 1106221 1106259 1106268 1106283 1106315 1106407 1106411
1106535 1106541 1106552 1106573 1106578 1106593 1106610 1106619 1106644
1106681 1106728 1106877 1106939 1106954 1106976 1106979 1107001 1107070
1107078 1107083 1107104 1107240 1107242 1107275 1107276 1107290 1107313
1107315 1107435 1107486 1107487 1107522 1107538 1107580 1107724 1107725
1107731 1107734 1107755 1107808 1107880 1107918 1107965 1107990 1108009
1108025 1108056 1108092 1108196 1108231 1108261 1108275 1108300 1108331
1108347 1108349 1108433 1108474 1108531 1108535 1108595 1108601 1108616
1108642 1108722 1108759 1108764 1108817 1108823 1108836 1108882 1108887
1108896 1109014 1109025 1109049 1109059 1109104 1109108 1109127 1109149
1109185 1109238 1109285 1109320 1109389 1109458 1109472 1109484 1109491
1109503 1109657 1109682 1109701 1109743 1109744 1109749 1109823 1109882
1109945 1109961 1110055 1110199 1110211 1110233 1110323 1110365 1110378
1110381 1110387 1110400 1110469 1110523 1110554 1110561 1110568 1110581
1110605 1110650 1110664 1110688 1110696 1110722 1200004 1200051 1200053
1200060 1200098 1200132 1200135 1200141 1200148 1200247 1200294 1200303
1200313 1200327 1200403 1200407 1200463 1200475 1200486 1200492 1200501
1200579 1200624 1200657 1200666 1200677 1200741 1200752 1200859 1200882
1200914 1200934 1200981 1201002 1201044 1201097 1201128 1201180 1201207
1201226 1201246 1201255 1201258 1201294 1201299 1201372 1201441 1201561
1201658 1201665 1201706 1201809 1201816 1201820 1201836 1201839 1201841
1201846 1201940 1201979 1202002 1202009 1202084 1202098 1202129 1202139
1202156 1202167 1202198 1202220 1202225 1202273 1202276 1202282 1202307
1202357 1202365 1202434 1202437 1202466 1202477 1202565 1202568 1202573
1202586 1202590 1202603 1202604 1202619 1202680 1202716 1202756 1202775
1202802 1202810 1202839 1202924 1202937 1202942 1202948 1202957 1202960
1202984 1202997 1203005 1203016 1203035 1203152 1203253 1203256 1203269
1203283 1203304 1203332 1203371 1203381 1203401 1203438 1203455 1203460
1203491 1203496 1203524 1203530 1203532 1203567 1203590 1203617 1203641
1203665 1203785 1203825 1203886 1203910 1203933 1203989 1203996 1204002
1204012 1204061 1204079 1204080 1204111 1204126 1204138 1204220 1204222
1204224 1204251 1204276 1204278 1204330 1204332 1204333 1204450 1204509
1204534 1204539 1204577 1204587 1204605 1204632 1204669 1300046 1300106
1300175 1300216 1300220 1300259 1300311 1300338 1300394 1300396 1300437
1300445 1300450 1300472 1300510 1300536 1300548 1300608 1300640 1300709
1300752 1300861 1300989 1301051 1301102 1301115 1301254 1301275 1301337
1301564 1301601 1301633 1301737 1301779 1302167 1302185 1302247 1302278
1302316 1302328 1302387 1302503 1302518 1302528 1302567 1302570 1302601
1302648 1302736 1302779 1302814 1302832 1400017 1400070 1400132 1400156
1400217 1400226 1400336 1400371 1400406 1400416 1400423 1400427 1400445
1400475 1400477 1400497 1400502 1400559 1400561 1400638 1400639 1400641
1400642 1400656 1400660 1400664 1400678 1400687 1400688 1400695 1400709
1400710 1400741 1400747 1400829 1400939 1400973 1400987 1401075 1401082
1401087 1401093 1401102 1401112 1401128 1401143 1401177 1401200 1401244
1401245 1401260 1401269 1401276 1401309 1401312 1401360 1401399 1401430
1401433 1401438 1401445 1401488 1401491 1401613 1401620 1401634 1401640
1401642 1401660 1401681 1401698 1401717 1401721 1401791 1401798 1401888
1401898 1401917 1401977 1401996 1402038 1402070 1402076 1402088 1402104
1402179 1402198 1402237 1402242 1402292 1402296 1402312 1402332 1402411
1402441 1402444 1402485 1402509 1402524 1402527 1402535 1402612 1402649
1402673 1402681 1402710 1402791 1402833 1402848 1402866 1402879 1402905
1402911 1403063 1403133 1403156 1403198 1403201 1403229 1403233 1403252
1403284 1403368 1403376 1403382 1403437 1403500 1403502 1403518 1403560
1403580 1403583 1403637 1403675 1403738 1403761 1403778 1403785 1403852
1403878 1403918 1403922 1403927 1403987 1404006 1404011 1404059 1404068
1404114 1404121 1404188 1404375 1404387 1404398 1404522 1404531 1404571
1404757 1404820 1404847 1404872 1404894 1405045 1405075 1405090 1405097
1405103 1405110 1405131 1405160 1405268 1405278 1405294 1405306 1405334
1405374 1405406 1405461 1405487 1405562 1405616 1405644 1405768 1405912
1405942 1405946 1405954 1406102 1406115 1406138 1406144 1406308 1406331
1406349 1406409 1406656 1406679 1406698 1406761 1406804 1406832 1406895
1406926 1406981 1407007 1407012 1407039 1407159 1407165 1407192 1407202
1407243 1407254 1407264 1407337 1407382 1407410 1407472 1407477 1407479
1407484 1407552 1407560 1407589 1407638 1407658 1407696 1407698 1407801
1407815 1407955 1407974 1407985 1408038 1408066 1408070 1408082 1408126
1408130 1408143 1408183 1408206 1408207 1408233 1408242 1408263 1408268
1408276 1408351 1408352 1408386 1408440 1408509 1408530 1408582 1408584
1408628 1408631 1408634 1408651 1408661 1408741 1408742 1408783 1408847
1408886 1408931 1408936 1409022 1409023 1409034 1409036 1409073 1409082
1409118 1409124 1409300 1409309 1409412 1409452 1409505 1409556 1409569
1409588 1409607 1409652 1409702 1409735 1409799 1409839 1409875 1409929
1409933 1409956 1409969 1410013 1410022 1500002 1500056 1500083 1500098
1500113 1500143 1500183 1500189 1500224 1500248 1500249 1500258 1500285
1500318 1500326 1500398 1500401 1500422 1500446 1500453 1500467 1500483
1500498 1500502 1500562 1500563 1500567 1500571 1500577 1500613 1500655
1500670 1500692 1500713 1500725 1500731 1500777 1500806 1500822 1500842
1500848 1500878 1500881 1500882 1500894 1500910 1500948 1500964 1501004
1501040 1501045 1501058 1501083 1501092 1501109 1501110 1501114 1501115
1501140 1501141 1501158 1501174 1501191 1501217 1501266 1501322 1501339
1501388 1501390 1501398 1501404 1501446 1501452 1501455 1501465 1501478
1501498 1501504 1501520 1501527 1501531 1501542 1501553 1501560 1501575
1501585 1501645 1501654 1501701 1501715 1501724 1501727 1501728 1501759
1501773 1501777 1501812 1501815 1501837 1501855 1501864 1501884 1501902
1501905 1501915 1501961 1502006 1502019 1502021 1502083 1502096 1502107
1502140 1502143 1502163 1502185 1502228 1502232 1502264 1502303 1502310
1502329 1502357 1502438 1502448 1502538 1502578 1502613 1502620 1502633
1502647 1502747 1502767 1502774 1502794 1502798 1502811 1502818 1502824
1502832 1502851 1502886 1502895 1502927 1502952 1502978 1502997 1503049
1503098 1503147 1503154 1503183 1503191 1503193 1503212 1503229 1503233
1503241 1503339 1503401 1503424 1503596 1503619 1503728 1503730 1503738
1503746 1503798 1503822 1503848 1503871 1503872 1503910 1503913 1503918
1503957 1504018 1504047 1504057 1504088 1504167 1504214 1504254 1504265
1504277 1504398 1504462 1504477 1504481 1504497 1504560 1504577 1504595
1504609 1504611 1504614 1504616 1504629 1504701 1504745 1504765 1504769
1504784 1504785 1504786 1504793 1504825 1504857 1504881 1504883 1504904
1504908 1504948 1504986 1505031 1505062 1505136 1505179 1505218 1505293
1505329 1505348 1505352 1505378 1505381 1505411 1505412 1505419 1505443
1505473 1505487 1505523 1505533 1505580 1505591 1505592 1505695 1505701
1505709 1505777 1505830 1505881 1505923 1505931 1505943 1506004 1506009
1506066 1506094 1506168 1506170 1506172 1506209 1506289 1506360 1506385
1506416 1506426 1506462 1600001 1600057 1600074 1600257 1600290 1600298
1600354 1700036 1700046 1700054 1700142 1700158 1700174 1700211 1700327
1700360 1700392 1700467 1700479 1700495 1700506 1700511 1700619 1700641
1700665 1700734 1700848 1700850 1700897 1700904 1700926 1700999 1701012
1701075 1701081 1701094 1701108 1701138 1701184 1701244 1701254 1701317
1701387 1701401 1701435 1701510 1701570 1701647 1701696 1701727 1701751
1701765 1701789 1800067 1900005 1900097 1900122 1900132 1900189 1900240
1900256 1900290 1900314 1900354 1900355 1900365 1900486 1900502 1900503
1900523 1900527 1900575 1900614 1900671 1900682 1900761 1900800 1900849
1900871 1900875 1900911 1900912 1900940 1901022 1901094 1901162 1901191
1901217 1901240 1901264 1901327 1901358 1901407 1901438 1901448 1901501
1901561 1901563 1901589 1901647 1901663 1901749 1901775 1901780 1901853
1901856 1901927 1902007 1902039 1902042 1902061 1902070 1902103 1902153
1902160 1902161 1902199 1902208 1902247 1902254 1902269 1902372 1902452
1902466 1902473 1902479 2400045 2400190 2400329 2400452 2400558 2400613
2400649 2400688 2400740 2400755 2400817 2400822 2400895 2400916 2400958
2401016 2401193 2401272 2401333 2401386 2401451 2401510 2401580 2401612
2401614 2401741 2401758 2401819 2402046 2402054 2402142 2402145 2402206
2402266 2402331 2402440 2402497 2402595 2402653 2402668 2402700 2402791
2402798 2402830 2402851 2402965 2402987 2403037 2403086 2403150 2403171
2403194 2403316 2403466 2403478 2403738 2403865 2403867 2404024 2404185
2404256 2404291 2404327 2600006 2600050 2600076 2600118 2600158 2600160
2600282 2600304 2600319 2600327 2600452 2600483 2600521 2600532 2600573
2600585 2600595 2600617 2600620 2600678 2600682 2600737 2600759 2600764
2600793 2600814 2600828 2600880 2600938 2600946 2600961 2600964 2601007
2601035 2601039 2601054 2601079 2601094 2601169 2601179 2601233 2601238
2601261 2601272 2601304 2601349 2601412 2601431 2601435 2601490 2601577
2601649 2601669 2601674 2601676 2601677 2601767 2601837 2601913 2601921
2601946 2601998 2602057 2602091 2602130 2602168 2602179 2602184 2602224
2602236 2602278 2602306 2602307 2602314 2602401 2602414 2602424 2602450
2602451 2602528 2602546 2602576 2602599 2602772 2602810 2602836 2603003
2603072 2603150 2603163 2603186 2603207 2603217 2603280 2603356 2603396
2603448 2603458 2603466 2603512 2603569 2603576 2603678 2603682 2603698
2603700 2603746 2603751 2603765 2603782 2603788 2603819 2603881 2603883
2603893 2603894 2603899 2603985 2604007 2604053 2604143 2604161 2604257
2604267 2604349 2604371 2604389 2604404 2604409 2604434 2604445 2604456
2604476 2604602 2604631 2604654 2604672 2604691 2604701 2604720 2604757
2604761 2604871 2604884 2604893 2604918 2604928 2604954 2604963 2605032
2605071 2605109 2605157 2605224 2605334 2605407 2605425 2605514 2605625
2605648 2605652 2605698 2605775 2605799 2605864 2605871 2605942 2606014
2606042 2606079 2606096 2606253 2606286 2606368 2606425 2606541 2606600
2606636 2606648 2606690 2606754 2606758 2606760 2606762 2606796 2606814
2606878 2606934 2606965 2606985 2607138 2607156 2607189 2607278 2607353
2607432 2607477 2607503 2607594 2607624 2607688 2607693 2607742 2607815
2607833 2607837 2607905 2607911 2607928 2608003 2608088 2608128 2608248
2608299 2608337 2608397 2608400 2608437 2608532 2608552 2608561 2608578
2608590 2608606 2608730 2608802 2608807 2608833 2608859 2608873 2608876
2608902 2608935 2608967 2608969 2608971 2609003 2609040 2609152 2609238
2609270 2609311 2609335 2609362 2609508 2609533 2609551 2609644 2609676
2609763 2609764 2609835 2609843 2609891 2609907 2609912 2609945 2609956
2610048 2610075 2610135 2610140 2610152 2610166 2610167 2610170 2610214
2610275 2610334 2610357 2610399 2610415 2610431 2610466 2610489 2610546
2610582 2610594 2610604 2610666 2610670 2610686 2610689 2610699 2610806
2610859 2610875 2610895 2610896 2610928 2610970 2611035 2611083 2611135
2611164 2611207 2611280 2611345 2611394 2611441 2611583 2611650 2611704
2611708 2611751 2611789 2611799 2611805 2611885 2611894 2611909 2611922
2611950 2611963 2612064 2612106 2612114 2612121 2612162 2612165 2612262
2612267 2612284 2612368 2612453 2612531 2612638 2612642 2612835 2612863
2612915 2612990 2612995 2613021 2613024 2613058 2613106 3400028 3400052
3400053 3400056 3400106 3400180 3400211 3400216 3400233 3400237 3400266
3400277 3400306 3400324 3400328 3400348 3400424 3400505 3400519 3400542
3400561 3400593 3400598 3400603 3400607 3400615 3400616 3400632 3400643
3400685 3400711 3400738 3400768 3400778 3400795 3400797 3400802 3400852
3400862 3400931 3400932 3400960 3400964 3400971 3400973 3400976 3400981
3401007 3401012 3401039 3401053 3401078 3401086 3401119 3401128 3401145
3401146 3401158 3401217 3401223 3401266 3401333 3401364 3401486 3401515
3401517 3401536 3401579 3401586 3401634 3401673 3401705 3401740 3401761
3401788 3401799 3401839 3401858 3401892 3401908 3401912 3401923 3401964
3401966 3401980 3401989 3402015 3402036 3402118 3402122 3402130 3402152
3402199 3402245 3402270 3402274 3402277 3402303 3402331 3402344 3402356
3402359 3402365 3402378 3402381 3402501 3402517 3402520 3402555 3402582
3402592 3402647 3402651 3402670 3402676 3402679 3402707 3402718 3402734
3402758 3402767 3402820 3402845 3402883 3402961 3403016 3403071 3403080
3403098 3403101 3403142 3403144 3403158 3403180 3403228 3403276 3403288
3403295 3403298 3403367 3403387 3403440 3403452 3403455 3403466 3403524
3403544 3403559 3403586 3403613 3500041 3500051 3500052 3500069 3500084
3500086 3500091 3500106 3500128 3500154 3500170 3500191 3500224 3500234
3500259 3500304 3500310 3500326 3500332 3500382 3500399 3500442 3500487
3500490 3500522 3500533 3500598 3500613 3500691 3500722 3500728 3500808
3500819 3500833 3500842 3500920 3501085 3501093 3501118 3501120 3501135
3501146 3501158 3501201 3501226 3501258 3501261 3501298 3501320 3501325
3501339 3501347 3501405 3501413 3501415 3501460 3501497 3501602 3501653
3501667 3501670 3501709 3501767 3501783 3501787 3501797 3501805 3501829
3501879 3501920 3501923 3501960 3501967 3501989 3502035 3502037 3502090
3502102 3502105 3502174 3502185 3502232 3502247 3502257 3502276 3502328
3502384 3502396 3502399 3502401 3502437 3502475 3502501 3502505 3502551
3502613 3502660 3502745 3502798 3502846 3502894 3502955 3502960 3502982
3502996 3503000 3503079 3503101 3503153 3503157 3503178 3503189 3503201
3503221 3503223 3503232 3503275 3503346 3503363 3503433 3503454 3503477
3503479 3503486 3503494 3503533 3503538 3503549 3503562 3503586 3503611
3503618 3503703 3503725 3503745 3503759 3503786 3503828 3503835 3503928
3503957 3503965 3503976 3504023 3504028 3504037 3504042 3504050 3504053
3504061 3504062 3504073 3504082 3504177 3504195 3504216 3504289 3504291
3504305 3504317 3504335 3504371 3504378 3504384 3504455 3504462 3504494
3504521 3504528 3504595 3504654 3504694 3504695 3504701 3504736 3504737
3504748 3504755 3504776 3504807 3504824 3504826 3504840 3504886 3504889
3504917 3504924 3504945 3504960 3505005 3505071 3505128 3505156 3505159
3505215 3505221 3505255 3505271 3505278 3505286 3505287 3505294 3505339
3505344 3505351 3505390 3505460 3505476 3505509 3505571 3505602 3505668
3505673 3505682 3505701 3505734 3505764 3505765 3505891 3505913 3505914
3505939 3505950 3505962 3506053 3506067 3506085 3506121 3506144 3506156
3506211 3506251 3506289 3506318 3506353 3506396 3506399 3506418 3506425
3506435 3506438 3506451 3506482 3506499 3506577 3506594 3506607 3506730
3506738 3506760 3506769 3506774 3506796 3506824 3506935 3506966 3506970
3506978 3507004 3507017 3507020 3507033 3507054 3507057 3507117 3507189
3507192 3507193 3507245 3507287 3507304 3507362 3507393 3507405 3507416
3507438 3507475 3507481 3507488 3507529 3507535 3507539 3507561 3507612
3507634 3507639 3507650 3507684 3507692 3507702 3507715 3507745 3507778
3507781 3507833 3507865 3507953 3507968 3507994 3507996 3508003 3508084
3508087 3508097 3508110 3508129 3508143 3508206 3508214 3508248 3508273
3508283 3508318 3508332 3508353 3508358 3508404 3508405 3508433 3508435
3508457 3508481 3508514 3508539 3508571 3508585 3508587 3508628 3508710
3508798 3508799 3508815 3508864 3508874 3508892 3508923 3508954 3508972
3509053 3509130 3509144 3509226 3509238 3509313 3509352 3509455 3509493
3509504 3509646 3509721 3509731 3509756 3509794 3509801 3509819 3509820
3509831 3509861 3509874 3509880 3509890 3509913 3509921 3509928 3509933
3510025 3510031 3510174 3510222 3510244 3510260 3510261 3510270 3510305
3510331 3510358 3510374 3510394 3510423 3510438 3510441 3510446 3510457
3510465 3510483 3510489 3510560 3510561 3510563 3510574 3510577 3510591
3510595 3510651 3510716 3510733 3510804 3510848 3510887 3510908 3510949
3510972 3510984 3510988 3511035 3511143 3511236 3511238 3511278 3511351
3511392 3511400 3511404 3511521 3511569 3511582 3511605 3511638 3511647
3511650 3511705 3511722 3511729 3511751 3511764 3511795 3511800 3511802
3511846 3511890 3511905 3511916 3511945 3511989 3512025 3512043 3512057
3512064 3512071 3512075 3512093 3512102 3512122 3512138 3512179 3512190
3512192 3512204 3512209 3512223 3512225 3512258 3512263 3512394 3512421
3512449 3512491 3512517 3512518 3512520 3512540 3512561 3512565 3512573
3512617 3512623 3512625 3512636 3512642 3512663 3512700 3512719 3512734
3512735 3512804 3512830 3512877 3512886 3512913 3512944 3512946 3512949
3512956 3512985 3513017 3513072 3513090 3513125 3513183 3513224 3513237
3513243 3513256 3513295 3513296 3513361 3513380 3513431 3513448 3513510
3513522 3513561 3513568 3513574 3513602 3513616 3513617 3513643 3600009
3600071 3600111 3600123 3600124 3600138 3600144 3600168 3600236 3600239
3600263 3600285 3600306 3600455 3600473 3600501 3600721 3600761 3600762
3600795 3600885 3600916 3600965 3700034 3900014 3900064 3900110 3900159
3900161 3900223 3900399 3900434 3900886 3900917 3900935 3900944 3900984
3900986 3901020 3901030 3901167 3901301 3901493 3901519 3901565 4000005
4000011 4000020 4000069 4000093 4000119 4000186 4000247 4000280 4000318
4000372 4000379 4000385 4000440 4000489 4000582 4000614 4000656 4000787
4000812 4000858 4000905 4000934 4001145 4100046 4100070 4100082 4100089
4100122 4100126 4100160 4100179 4100234 4100238 4100325 4100420 4100426
4100445 4100448 4100475 4100477 4100524 4100536 4100542 4100569 4100598
4100620 4100627 4100739 4100773 4100783 4100831 4100833 4100849 4100884
4100912 4100977 4100984 4100994 4101007 4101013 4101022 4101078 4101101
4101140 4101160 4101171 4101181 4101295 4101360 4101410 4101413 4101467
4101493 4101494 4101521 4101538 4101559 4101578 4101581 4101587 4101637
4101643 4101663 4101679 4101684 4101729 4101770 4101799 4101830 4101832
4101847 4101940 4101952 4102069 4102172 4102174 4102189 4102237 4102248
4102289 4102341 4102417 4102460 4102498 4102510 4102559 4102600 4102610
4102629 4102652 4102661 4102706 4102721 4102745 4102818 4102886 4102902
4102977 4102985 4200022 4200042 4200052 4200059 4200320 4200378 4200470
4300075 4300115 4300130 4400002 4400054 4400070 4400097 4400152 4400250
4400314 4400458 4400487 4400719 4400726 4400787 4400889 4400903 4400938
4400987 4401081 4401317 4401403 4401406 4401542 4500031 4500057 4500062
4500082 4500104 4600151 4600169 4600180 4700030 4700070 4800151 4800171
4900001 4900079 4900135 4900145 4900160 4900218 4900220 4900249 4900254
4900311 4900389 4900521 4900556 4900612 4900672 4900815 4900849 4900960
4900968 4901035 4901081 4901082 4901089 4901120 4901122 4901170 4901185
4901189 4901201 4901222 4901226 4901228 5000002 5000080 5000155 5000224
5000270 5000295 5000596 5000618 5100056 5100128 5100134 5100234 5100337
5100362 5100472 5100512 5101072 5101090 5101130 5101267 5101299 5101333
5101409 5101413 5101425 5101436 5101438 5101508 5101572 5101754 5101822
5102040 5102062 5102089 5102091 5102103 5102268 5102423 5102504 5102690
5102707 5102801 5200012 5200043 5200096 5200102 5200133 5200135 5200175
5200250 5200288 5200371 5200375 5200468 5200531 5200651 5200656 5200671
5200685 5200740 5200743 5200751 5200834 5200846 5200885 5200915 5200921
5300047 5300048 5300128 5300168 5300348 5300373 5300377 5400081 5400132
5400215 5400264 5400336 5400359 5400374 5400383 5400394 5400417 5400418
5400462 5400465 5400501 5400545 5400627 5400677 5400771 5400776 5400838
5400851 5400896 5401002 5401023 5401092 5401105 5401167 5401170 5401174
5401205 5401270 5401276 5401288 5401314 5401383 5401406 5401420 5401460
5401508 5401616 5401645 5401670 5401808 5401870 5401904 5401922 5401986
5402004 5402070 5402094 5402132 5402153 5402188 5402201 5402255 5402283
5402293 5402294 5402295 5402302 5402466 5402484 5402583 5402681 5402683
5402694 5402846 5403022 5403063 5403112 5403127 5403171 5403204 5403213
5403295 5403336 5403369 5403372 5403422 5403423 5403505