0100026 0100143 0100617 0100736 0100790 0101290 0101321 0101550 0101822
0102228 0200468 0200741 0200840 0200864 0200957 0200983 0201148 0201316
0201541 0201621 0201706 0201767 0201896 0201967 0202019 0202182 0202398
0202501 0202587 0202838 0203002 0203023 0203193 0203805 0203946 0204124
0300184 0300553 0300696 0301731 0301910 0302354 0302542 0302625 0400044
0400060 0400212 0400259 0400530 0400836 0401041 0401663 0401903 0402062
0402191 0402413 0402492 0402560 0402598 0402693 0402988 0403194 0403224
0403385 0403786 0403813 0500203 0500348 0500778 0500842 0500869 0500922
0500942 0500960 0501245 0501729 0502643 0502914 0503134 0503527 0503555
0503898 0503942 0504035 0504089 0504620 0505391 0505893 0506379 0600194
0600440 0601254 0601417 0601464 0602377 0602742 0603176 0700959 0701031
0701139 0701145 0701466 0701603 0701740 0800058 0800133 0800136 0800435
0800437 0800568 0800665 0800827 0800847 0800907 0800922 0800936 0800952
0800960 0801022 0801128 0801149 0801324 0801371 0801410 0801440 0801780
0802013 0802176 0802220 0802223 0802306 0802375 0802521 0802671 0802726
0802846 0802855 0802896 0803041 0803054 0803090 0803335 0803426 0803481
0803551 0803621 0803740 0803893 0803896 0803943 0803960 0804006 0804034
0804056 0804171 0804259 0804600 0804812 0805192 0805281 0805490 0805498
0805511 0805555 0805633 0805720 0805747 0805749 0805926 0805942 0805995
0806158 0806199 0806210 0806272 0806426 0806462 0806809 0806965 0806981
0807037 0807106 0807281 0807346 0807400 0807666 0807676 0807680 0807728
0807737 0807848 0808112 0808375 0808573 0808615 0808900 0809050 0809281
0809388 0809402 0809443 0809795 0809819 0809948 0809962 0810022 0810173
0810247 0810256 0810514 0810593 0810659 0810671 0810827 0811027 0811080
0811092 0811160 0811226 0811302 0811352 0811526 0811586 0811643 0811788
0811838 0811869 0811911 0811927 0812042 0812205 0812706 0812867 0813185
0813237 0813307 0813340 0813447 0813608 0813798 0813809 0813826 0813851
0813872 0814073 0814076 0814192 0814283 0814491 0814628 0814643 0814651
0814762 0814859 0815148 0815376 0815400 0815712 0815716 0815801 0815846
0816179 0816208 0816290 0816508 0816528 0816648 0816692 0816974 0816999
0817081 0817290 0817363 0817490 0817516 0817525 0817602 0817640 0817751
0817815 0817915 0818246 0818499 0818681 0818700 0818711 0818803 0818807
0818901 0818929 0819303 0819328 0819473 0819517 0819536 0819741 0819748
0819780 0819848 0819929 0820175 0820584 0820709 0820867 0820997 0821029
0821201 0821247 0821274 0821278 0821340 0821430 0821486 0821642 1000353
1000791 1001208 1001217 1001242 1001333 1001523 1001586 1002204 1002542
1002809 1100029 1100085 1100094 1100175 1100287 1100350 1100450 1100480
1100739 1100800 1100952 1101278 1101311 1101511 1101640 1101644 1102152
1102491 1102645 1102654 1102869 1103013 1103324 1103338 1103605 1103774
1103789 1103853 1104019 1104135 1104297 1105598 1105658 1105863 1106368
1106483 1106504 1106525 1200205 1201047 1300391 1300727 1300880 1301048
1301103 1301281 1301407 1301960 1302048 1400444 1400609 1400811 1400930
1401190 1401226 1401300 1401349 1401395 1401846 1401904 1402026 1402180
1402590 1402623 1402681 1402831 1402958 1403236 1403364 1403644 1404072
1404121 1404385 1404437 1404499 1404523 1404672 1404782 1404843 1405084
1500033 1500099 1500123 1500141 1500321 1500377 1500761 1500810 1500901
1501006 1501329 1501437 1501577 1501622 1501665 1501789 1502095 1502217
1502421 1503285 1503453 1503653 1503669 1503948 1504385 1504459 1504547
1504616 1504645 1504665 1504756 1504791 1504935 1505095 1505173 1505288
1505336 1505498 1505611 1505623 1505680 1505700 1505744 1505935 1700025
1700044 1700755 1800066 1900186 1900285 1900329 1900939 1901052 2400029
2400984 2401033 2401547 2401636 2600029 2600043 2600087 2600189 2600353
2600529 2600578 2600702 2600712 2601030 2601080 2601366 2602052 2602127
2602246 2602400 2602546 2602589 2602663 2602808 2602819 2602872 2602996
2603131 2603139 2603351 2603370 2603395 2603532 2603615 2603752 2604436
2604894 2605131 2605371 2605413 2605432 2605433 2605505 2605805 2605907
2606174 2606181 2606213 2606269 2606337 2606349 2606486 2606654 2606746
2606756 2606977 2607091 2607454 2607523 3400006 3400639 3400809 3400911
3401149 3500122 3500135 3500259 3500310 3500438 3501108 3501321 3501325
3501612 3501790 3502204 3502240 3502262 3502409 3502433 3502538 3502616
3502751 3503303 3504666 3504839 3505433 3505645 3505678 3505739 3505954
3600432 3600498 4000430 4000887 4100022 4100050 4100070 4100099 4100159
4100367 4100371 4100374 4100429 4100493 4100645 4100855 4101147 4101166
4101288 4101347 4101694 4101725 4101788 4101801 4101958 4102000 4102019
4102130 4102149 4900529 4900583 4900613 4900966 5000110 5000436 5100263
5100358 5100400 5100636 5100902 5101416 5101425 5200053 5200236 5200277
5300154 5400180 5400231 5400253 5400913 5401187 5401297 5401349 5401509
5401577 5401644 5402145 5402232