0100026 0100044 0100079 0100143 0100144 0100208 0100324 0100353 0100394
0100499 0100617 0100673 0100736 0100785 0100790 0100822 0101131 0101148
0101174 0101290 0101321 0101369 0101378 0101428 0101479 0101487 0101526
0101550 0101611 0101822 0102097 0102098 0102227 0102228 0200108 0200124
0200155 0200157 0200167 0200299 0200303 0200376 0200433 0200453 0200468
0200721 0200741 0200769 0200821 0200840 0200855 0200864 0200870 0200900
0200919 0200957 0200983 0201033 0201125 0201148 0201173 0201242 0201279
0201316 0201335 0201348 0201395 0201435 0201470 0201521 0201528 0201541
0201543 0201602 0201621 0201627 0201638 0201673 0201680 0201682 0201706
0201729 0201741 0201767 0201800 0201831 0201843 0201852 0201896 0201901
0201910 0201925 0201928 0201967 0202019 0202084 0202127 0202151 0202182
0202196 0202293 0202298 0202341 0202398 0202415 0202445 0202501 0202531
0202536 0202587 0202601 0202666 0202820 0202838 0202848 0202956 0202980
0202982 0203002 0203010 0203023 0203193 0203198 0203211 0203258 0203282
0203317 0203423 0203434 0203458 0203537 0203723 0203738 0203784 0203805
0203852 0203869 0203894 0203946 0203981 0204112 0204124 0300078 0300120
0300184 0300304 0300319 0300364 0300553 0300696 0300702 0300758 0300787
0300790 0300794 0300872 0300878 0300936 0300956 0300961 0301173 0301283
0301371 0301523 0301537 0301538 0301615 0301660 0301731 0301767 0301897
0301905 0301910 0302136 0302195 0302240 0302314 0302336 0302341 0302354
0302391 0302451 0302542 0302574 0302625 0400031 0400044 0400058 0400060
0400063 0400111 0400212 0400259 0400404 0400428 0400448 0400503 0400530
0400581 0400587 0400607 0400614 0400816 0400833 0400836 0400952 0401027
0401041 0401149 0401189 0401299 0401334 0401358 0401369 0401401 0401405
0401459 0401500 0401552 0401663 0401738 0401766 0401780 0401788 0401829
0401903 0401918 0401948 0402030 0402062 0402080 0402155 0402164 0402178
0402191 0402209 0402276 0402365 0402410 0402413 0402488 0402492 0402518
0402560 0402561 0402578 0402598 0402673 0402678 0402693 0402707 0402833
0402876 0402894 0402898 0402988 0403006 0403012 0403045 0403080 0403159
0403194 0403201 0403224 0403289 0403385 0403446 0403450 0403452 0403464
0403516 0403708 0403714 0403729 0403731 0403733 0403752 0403776 0403785
0403786 0403813 0403860 0403923 0403968 0500070 0500203 0500237 0500291
0500348 0500355 0500432 0500506 0500542 0500669 0500778 0500816 0500842
0500869 0500890 0500915 0500922 0500933 0500939 0500942 0500960 0501002
0501058 0501093 0501193 0501202 0501245 0501249 0501268 0501280 0501309
0501342 0501502 0501526 0501601 0501717 0501729 0501770 0501871 0501944
0501963 0501980 0502000 0502009 0502047 0502155 0502229 0502256 0502273
0502351 0502382 0502405 0502435 0502643 0502647 0502655 0502684 0502710
0502846 0502877 0502909 0502914 0502924 0502953 0503104 0503134 0503180
0503390 0503503 0503527 0503555 0503632 0503655 0503749 0503898 0503942
0503946 0504003 0504027 0504034 0504035 0504036 0504089 0504242 0504272
0504278 0504330 0504433 0504620 0504754 0504761 0504819 0504864 0504960
0505000 0505029 0505072 0505212 0505263 0505385 0505391 0505469 0505500
0505528 0505794 0505820 0505840 0505893 0505899 0505928 0506019 0506022
0506068 0506123 0506219 0506237 0506336 0506379 0506415 0506523 0506540
0506571 0506779 0506817 0600081 0600171 0600194 0600397 0600440 0600473
0600522 0600576 0600890 0600989 0601079 0601254 0601417 0601424 0601464
0601580 0601601 0601663 0601675 0601799 0601954 0601990 0602173 0602377
0602382 0602456 0602570 0602571 0602619 0602736 0602741 0602742 0602829
0602899 0603024 0603172 0603176 0603194 0700068 0700153 0700299 0700351
0700402 0700435 0700437 0700489 0700545 0700745 0700759 0700809 0700920
0700937 0700959 0700992 0701028 0701031 0701111 0701139 0701145 0701295
0701438 0701466 0701553 0701603 0701608 0701621 0701702 0701740 0701789
0701823 0800023 0800034 0800056 0800058 0800119 0800133 0800136 0800141
0800167 0800172 0800186 0800190 0800223 0800226 0800305 0800344 0800372
0800395 0800405 0800435 0800437 0800470 0800531 0800559 0800568 0800576
0800622 0800665 0800666 0800686 0800710 0800724 0800752 0800777 0800783
0800798 0800813 0800823 0800827 0800833 0800847 0800883 0800886 0800887
0800907 0800922 0800929 0800936 0800939 0800950 0800952 0800960 0800961
0800996 0801010 0801022 0801025 0801026 0801050 0801086 0801089 0801093
0801117 0801128 0801149 0801157 0801167 0801183 0801251 0801295 0801308
0801311 0801313 0801324 0801356 0801371 0801410 0801433 0801440 0801452
0801463 0801500 0801584 0801617 0801622 0801635 0801670 0801689 0801715
0801762 0801780 0801782 0801810 0801813 0801831 0801848 0801890 0801912
0801920 0801990 0802013 0802030 0802034 0802055 0802115 0802137 0802147
0802162 0802165 0802176 0802179 0802220 0802223 0802230 0802236 0802258
0802306 0802375 0802436 0802467 0802521 0802527 0802570 0802572 0802628
0802633 0802638 0802671 0802726 0802758 0802765 0802842 0802846 0802855
0802896 0802943 0802960 0803000 0803002 0803027 0803041 0803054 0803061
0803074 0803090 0803114 0803122 0803126 0803144 0803151 0803186 0803207
0803288 0803335 0803426 0803481 0803492 0803508 0803510 0803542 0803547
0803551 0803564 0803604 0803621 0803641 0803729 0803737 0803740 0803776
0803861 0803877 0803893 0803896 0803936 0803943 0803960 0803961 0803968
0803994 0803997 0804006 0804034 0804046 0804056 0804096 0804100 0804124
0804138 0804144 0804145 0804171 0804178 0804215 0804259 0804282 0804286
0804318 0804328 0804331 0804335 0804391 0804402 0804420 0804439 0804458
0804470 0804506 0804592 0804600 0804645 0804679 0804685 0804721 0804746
0804755 0804782 0804812 0804881 0804964 0805031 0805039 0805085 0805096
0805103 0805130 0805192 0805195 0805281 0805299 0805315 0805318 0805327
0805344 0805369 0805373 0805391 0805403 0805434 0805442 0805450 0805490
0805498 0805511 0805530 0805542 0805546 0805555 0805617 0805633 0805644
0805657 0805665 0805694 0805696 0805705 0805720 0805724 0805747 0805749
0805782 0805789 0805813 0805847 0805926 0805940 0805942 0805995 0806063
0806158 0806199 0806208 0806210 0806233 0806251 0806272 0806287 0806294
0806297 0806303 0806308 0806323 0806328 0806352 0806358 0806375 0806426
0806462 0806512 0806549 0806645 0806659 0806665 0806683 0806689 0806701
0806757 0806784 0806809 0806811 0806825 0806839 0806840 0806843 0806854
0806864 0806894 0806910 0806911 0806938 0806942 0806965 0806981 0807001
0807024 0807028 0807030 0807037 0807066 0807106 0807112 0807130 0807131
0807152 0807165 0807184 0807185 0807188 0807219 0807265 0807281 0807342
0807346 0807378 0807388 0807400 0807499 0807567 0807573 0807592 0807601
0807605 0807618 0807676 0807680 0807685 0807722 0807728 0807733 0807737
0807739 0807743 0807835 0807848 0807955 0807978 0807987 0808017 0808044
0808073 0808082 0808112 0808223 0808243 0808255 0808258 0808265 0808287
0808348 0808359 0808366 0808375 0808431 0808439 0808513 0808562 0808569
0808573 0808581 0808599 0808615 0808621 0808668 0808671 0808730 0808812
0808813 0808835 0808859 0808867 0808886 0808900 0808956 0808970 0808994
0809000 0809025 0809030 0809050 0809052 0809075 0809122 0809153 0809186
0809205 0809255 0809281 0809285 0809341 0809360 0809388 0809402 0809407
0809413 0809423 0809443 0809478 0809536 0809553 0809604 0809638 0809648
0809948 0809962 0809983 0810022 0810038 0810043 0810047 0810090 0810111
0810127 0810160 0810173 0810203 0810217 0810232 0810247 0810251 0810256
0810363 0810436 0810492 0810514 0810583 0810593 0810596 0810620 0810626
0810640 0810645 0810659 0810667 0810671 0810711 0810719 0810807 0810827
0810852 0810854 0810863 0810864 0810867 0810881 0810911 0810917 0811005
0811027 0811044 0811080 0811092 0811135 0811160 0811161 0811218 0811226
0811237 0811240 0811244 0811253 0811302 0811316 0811341 0811352 0811435
0811460 0811467 0811506 0811526 0811558 0811564 0811586 0811602 0811638
0811643 0811651 0811661 0811668 0811723 0811788 0811827 0811837 0811838
0811854 0811869 0811894 0811911 0811927 0811982 0811983 0812035 0812042
0812064 0812075 0812095 0812098 0812125 0812127 0812149 0812159 0812169
0812200 0812205 0812207 0812223 0812236 0812239 0812277 0812281 0812358
0812400 0812427 0812434 0812501 0812517 0812623 0812638 0812657 0812687
0812706 0812710 0812727 0812744 0812752 0812836 0812842 0812867 0812875
0812909 0812976 0813080 0813102 0813140 0813144 0813179 0813185 0813220
0813237 0813240 0813248 0813307 0813333 0813336 0813340 0813346 0813353
0813361 0813412 0813433 0813445 0813447 0813473 0813500 0813517 0813584
0813608 0813733 0813758 0813798 0813809 0813826 0813839 0813851 0813858
0813872 0813896 0813913 0813931 0813969 0813980 0813982 0813990 0813995
0814004 0814011 0814014 0814060 0814073 0814076 0814149 0814190 0814192
0814257 0814269 0814282 0814283 0814297 0814337 0814437 0814453 0814491
0814550 0814555 0814598 0814628 0814643 0814651 0814707 0814719 0814755
0814762 0814808 0814821 0814836 0814841 0814859 0814885 0814896 0814900
0814927 0814930 0814937 0814978 0814983 0815017 0815051 0815060 0815134
0815148 0815163 0815188 0815204 0815257 0815280 0815285 0815376 0815400
0815424 0815442 0815608 0815659 0815669 0815712 0815716 0815761 0815771
0815800 0815801 0815828 0815845 0815848 0815851 0815857 0815925 0815959
0815972 0815990 0816023 0816052 0816093 0816102 0816179 0816196 0816208
0816251 0816290 0816291 0816383 0816389 0816434 0816471 0816508 0816528
0816567 0816591 0816603 0816606 0816648 0816692 0816721 0816722 0816791
0816855 0816872 0816883 0816901 0816907 0816945 0816970 0816974 0816976
0816999 0817034 0817059 0817081 0817084 0817095 0817106 0817134 0817164
0817173 0817188 0817223 0817236 0817290 0817331 0817338 0817343 0817350
0817356 0817363 0817367 0817382 0817383 0817430 0817465 0817482 0817490
0817493 0817507 0817516 0817518 0817525 0817549 0817602 0817640 0817663
0817751 0817783 0817815 0817819 0817835 0817875 0817900 0817910 0817915
0817946 0817954 0817959 0818092 0818104 0818154 0818217 0818218 0818233
0818246 0818262 0818335 0818377 0818418 0818488 0818495 0818499 0818502
0818555 0818558 0818576 0818613 0818624 0818633 0818681 0818696 0818700
0818711 0818724 0818733 0818750 0818756 0818801 0818803 0818807 0818843
0818878 0818893 0818899 0818901 0818921 0818922 0818929 0819010 0819039
0819043 0819057 0819084 0819107 0819176 0819179 0819192 0819218 0819277
0819303 0819328 0819435 0819457 0819473 0819474 0819479 0819495 0819517
0819524 0819536 0819580 0819662 0819665 0819741 0819748 0819780 0819836
0819840 0819848 0819860 0819888 0819927 0819944 0819950 0820030 0820031
0820045 0820072 0820079 0820099 0820102 0820128 0820135 0820163 0820175
0820182 0820202 0820205 0820215 0820225 0820233 0820240 0820271 0820339
0820382 0820383 0820427 0820443 0820546 0820549 0820566 0820584 0820605
0820645 0820675 0820694 0820699 0820709 0820769 0820776 0820798 0820818
0820825 0820832 0820867 0820883 0820898 0820927 0820944 0820953 0820956
0820997 0821027 0821029 0821063 0821072 0821074 0821099 0821128 0821144
0821201 0821230 0821247 0821274 0821278 0821283 0821319 0821340 0821344
0821350 0821430 0821445 0821478 0821486 0821487 0821494 0821520 0821521
0821550 0821564 0821580 0821587 0821613 0821642 0821646 0821651 0821655
0821675 0821680 0821760 0821788 0821807 0821820 0821821 0821834 0821873
0900008 0900031 0900079 0900369 0900415 0900460 0900467 0900481 1000077
1000264 1000277 1000286 1000344 1000353 1000461 1000791 1000975 1001092
1001154 1001208 1001217 1001242 1001308 1001333 1001367 1001443 1001523
1001565 1001586 1001681 1001817 1001987 1002032 1002050 1002204 1002542
1002704 1002809 1002821 1002897 1002936 1100005 1100019 1100029 1100085
1100094 1100175 1100186 1100251 1100287 1100348 1100350 1100414 1100450
1100456 1100457 1100480 1100507 1100523 1100688 1100707 1100729 1100732
1100739 1100788 1100800 1100952 1100981 1100987 1100992 1101020 1101031
1101043 1101073 1101278 1101293 1101298 1101311 1101380 1101414 1101427
1101500 1101511 1101543 1101608 1101609 1101640 1101644 1101681 1101736
1101771 1101818 1101861 1101912 1101916 1101958 1102019 1102068 1102115
1102152 1102274 1102410 1102444 1102491 1102497 1102524 1102546 1102567
1102620 1102645 1102654 1102765 1102830 1102869 1102878 1102964 1103013
1103035 1103047 1103121 1103171 1103250 1103261 1103294 1103324 1103338
1103377 1103438 1103487 1103519 1103533 1103571 1103605 1103666 1103726
1103774 1103789 1103798 1103818 1103853 1103859 1103860 1103929 1103936
1103967 1103982 1103991 1104019 1104134 1104135 1104143 1104169 1104211
1104297 1104417 1104435 1104471 1104561 1104660 1104680 1104689 1104693
1104789 1104911 1104968 1105015 1105053 1105128 1105173 1105225 1105334
1105363 1105430 1105489 1105521 1105526 1105598 1105601 1105625 1105658
1105665 1105685 1105693 1105704 1105787 1105800 1105855 1105856 1105859
1105860 1105863 1105908 1106011 1106065 1106089 1106127 1106215 1106260
1106273 1106312 1106368 1106400 1106426 1106483 1106504 1106525 1106546
1106568 1106593 1106598 1200021 1200060 1200205 1200277 1200626 1200850
1200877 1200925 1200939 1200958 1201047 1201052 1201090 1201112 1201200
1201222 1201237 1201329 1201365 1201589 1300075 1300105 1300170 1300187
1300331 1300391 1300532 1300598 1300604 1300727 1300794 1300853 1300880
1300908 1301048 1301103 1301151 1301281 1301390 1301407 1301474 1301624
1301683 1301838 1301960 1301973 1302029 1302048 1400036 1400075 1400088
1400211 1400291 1400347 1400414 1400433 1400444 1400488 1400498 1400563
1400603 1400609 1400809 1400811 1400829 1400894 1400908 1400927 1400930
1400951 1401033 1401034 1401040 1401041 1401087 1401118 1401147 1401149
1401151 1401155 1401174 1401180 1401190 1401226 1401257 1401265 1401300
1401334 1401349 1401351 1401352 1401395 1401437 1401451 1401479 1401512
1401585 1401660 1401671 1401686 1401687 1401753 1401782 1401846 1401904
1401974 1402026 1402111 1402136 1402180 1402223 1402267 1402288 1402302
1402373 1402421 1402447 1402500 1402516 1402533 1402573 1402576 1402577
1402582 1402590 1402614 1402623 1402681 1402684 1402685 1402719 1402749
1402779 1402820 1402831 1402875 1402958 1402970 1402988 1403004 1403012
1403040 1403123 1403146 1403208 1403210 1403236 1403287 1403364 1403399
1403412 1403423 1403503 1403626 1403641 1403644 1403652 1403711 1403775
1403776 1403872 1403885 1403906 1403925 1403943 1403959 1404057 1404072
1404085 1404112 1404121 1404143 1404144 1404178 1404196 1404252 1404262
1404272 1404326 1404342 1404343 1404355 1404363 1404385 1404437 1404482
1404499 1404500 1404523 1404551 1404569 1404586 1404602 1404648 1404672
1404700 1404701 1404723 1404782 1404784 1404843 1404850 1404853 1404949
1404971 1404980 1404996 1404997 1405037 1405043 1405044 1405074 1405084
1405099 1405117 1405166 1405190 1500033 1500099 1500108 1500112 1500123
1500141 1500183 1500205 1500236 1500239 1500241 1500263 1500268 1500292
1500321 1500343 1500344 1500358 1500376 1500377 1500517 1500532 1500583
1500603 1500660 1500661 1500665 1500692 1500710 1500713 1500761 1500791
1500810 1500819 1500837 1500875 1500901 1500937 1500941 1500958 1500998
1501002 1501006 1501016 1501019 1501180 1501269 1501278 1501303 1501329
1501353 1501389 1501390 1501437 1501577 1501610 1501621 1501622 1501665
1501676 1501695 1501789 1501861 1501890 1501899 1501959 1501963 1502014
1502025 1502033 1502087 1502095 1502109 1502128 1502193 1502217 1502337
1502383 1502392 1502420 1502421 1502430 1502471 1502503 1502534 1502547
1502548 1502621 1502636 1502795 1502797 1502803 1502815 1502944 1502999
1503007 1503051 1503055 1503075 1503156 1503171 1503175 1503211 1503245
1503285 1503300 1503329 1503417 1503421 1503453 1503487 1503508 1503555
1503653 1503655 1503669 1503713 1503729 1503741 1503770 1503793 1503847
1503849 1503875 1503909 1503923 1503925 1503937 1503948 1503966 1504088
1504310 1504311 1504335 1504385 1504459 1504475 1504521 1504541 1504547
1504560 1504566 1504616 1504643 1504645 1504647 1504648 1504665 1504702
1504731 1504756 1504785 1504791 1504803 1504810 1504850 1504867 1504908
1504935 1504940 1504995 1505042 1505091 1505095 1505125 1505128 1505133
1505173 1505256 1505266 1505267 1505288 1505336 1505341 1505363 1505407
1505417 1505498 1505508 1505525 1505608 1505611 1505613 1505623 1505638
1505653 1505667 1505680 1505683 1505700 1505744 1505836 1505850 1505865
1505881 1505935 1700001 1700025 1700044 1700093 1700434 1700479 1700596
1700671 1700741 1700755 1700868 1700971 1701022 1800066 1900186 1900221
1900275 1900285 1900301 1900329 1900381 1900679 1900715 1900771 1900819
1900825 1900852 1900939 1900958 1901031 1901052 1901079 2400029 2400052
2400062 2400243 2400282 2400417 2400426 2400440 2400458 2400490 2400683
2400894 2400906 2400984 2401033 2401331 2401448 2401484 2401517 2401547
2401624 2401636 2401651 2401756 2401784 2401840 2402047 2402059 2402074
2402097 2402161 2402190 2600029 2600043 2600076 2600087 2600102 2600151
2600155 2600169 2600180 2600189 2600196 2600245 2600353 2600379 2600472
2600526 2600529 2600544 2600578 2600596 2600625 2600664 2600702 2600712
2600936 2601003 2601008 2601030 2601080 2601343 2601353 2601366 2601387
2601447 2601554 2601560 2601563 2601666 2601679 2601695 2601733 2601812
2601962 2601970 2602011 2602038 2602052 2602055 2602105 2602127 2602141
2602190 2602220 2602232 2602241 2602246 2602293 2602312 2602400 2602411
2602533 2602537 2602546 2602549 2602553 2602583 2602588 2602589 2602616
2602619 2602637 2602663 2602691 2602808 2602819 2602826 2602851 2602872
2602880 2602937 2602968 2602996 2603001 2603039 2603060 2603112 2603131
2603139 2603168 2603235 2603268 2603351 2603370 2603391 2603395 2603407
2603509 2603532 2603615 2603732 2603752 2603804 2603826 2603927 2603930
2603947 2603976 2604014 2604100 2604175 2604216 2604283 2604387 2604436
2604545 2604613 2604702 2604732 2604852 2604894 2604947 2605131 2605139
2605303 2605346 2605371 2605413 2605432 2605433 2605477 2605505 2605560
2605581 2605723 2605745 2605772 2605781 2605805 2605807 2605907 2605973
2605982 2606000 2606009 2606038 2606170 2606174 2606181 2606213 2606269
2606337 2606341 2606349 2606358 2606397 2606399 2606442 2606459 2606471
2606480 2606486 2606540 2606617 2606654 2606674 2606694 2606720 2606724
2606746 2606756 2606770 2606876 2606877 2606977 2606992 2607017 2607084
2607091 2607101 2607146 2607195 2607248 2607249 2607294 2607454 2607500
2607523 3400006 3400018 3400432 3400462 3400486 3400496 3400556 3400639
3400809 3400828 3400911 3400914 3401120 3401135 3401149 3401167 3401173
3401191 3401192 3401212 3401259 3401339 3401450 3401482 3401489 3401527
3401559 3401647 3401733 3500035 3500122 3500134 3500135 3500146 3500191
3500227 3500239 3500245 3500254 3500259 3500310 3500369 3500395 3500411
3500438 3500448 3500455 3500511 3500544 3500576 3500624 3500645 3500670
3500686 3500687 3500792 3501066 3501108 3501123 3501137 3501161 3501171
3501283 3501302 3501307 3501321 3501325 3501395 3501410 3501476 3501530
3501581 3501608 3501612 3501638 3501641 3501678 3501749 3501770 3501790
3501795 3501884 3501894 3501895 3501920 3501929 3501967 3501993 3502018
3502114 3502133 3502195 3502204 3502221 3502240 3502262 3502272 3502306
3502368 3502409 3502430 3502433 3502457 3502537 3502538 3502616 3502659
3502740 3502751 3502811 3502834 3502856 3502891 3502937 3503059 3503066
3503086 3503095 3503128 3503138 3503160 3503259 3503303 3503461 3503463
3503468 3503516 3503544 3503598 3503620 3503636 3503654 3503684 3503727
3503728 3503730 3503743 3503879 3503887 3503901 3503921 3503959 3503968
3503972 3504029 3504159 3504176 3504179 3504240 3504425 3504490 3504511
3504541 3504575 3504614 3504636 3504638 3504666 3504818 3504822 3504839
3504905 3504926 3504995 3505039 3505086 3505149 3505159 3505217 3505219
3505228 3505329 3505360 3505433 3505434 3505454 3505464 3505513 3505537
3505577 3505588 3505610 3505645 3505678 3505738 3505739 3505837 3505851
3505920 3505954 3505956 3505957 3600030 3600051 3600114 3600151 3600192
3600199 3600225 3600266 3600267 3600290 3600432 3600495 3600498 3600499
3600541 3600593 3700021 3700023 3700029 3900026 3900124 3900142 3900349
3900612 3900642 4000105 4000236 4000430 4000740 4000887 4100022 4100050
4100099 4100119 4100159 4100165 4100180 4100200 4100231 4100232 4100252
4100257 4100285 4100291 4100367 4100371 4100374 4100407 4100414 4100429
4100472 4100493 4100578 4100612 4100619 4100645 4100686 4100775 4100801
4100836 4100855 4100874 4100902 4100916 4100917 4100926 4101021 4101145
4101147 4101166 4101221 4101288 4101347 4101460 4101494 4101528 4101565
4101646 4101694 4101725 4101733 4101788 4101801 4101813 4101840 4101862
4101884 4101958 4102000 4102019 4102130 4102149 4200235 4400218 4500015
4500088 4900048 4900130 4900182 4900196 4900295 4900347 4900476 4900529
4900543 4900566 4900581 4900583 4900613 4900669 4900711 4900817 4900936
4900966 4900988 5000110 5000193 5000263 5000387 5000421 5100107 5100110
5100193 5100209 5100249 5100263 5100315 5100357 5100358 5100400 5100636
5100801 5100902 5101035 5101038 5101052 5101053 5101110 5101379 5101416
5101425 5101543 5200053 5200074 5200132 5200148 5200172 5200236 5200277
5200322 5200361 5200380 5200487 5200580 5200630 5200635 5300154 5300188
5300268 5300303 5400029 5400046 5400091 5400162 5400172 5400180 5400185
5400231 5400253 5400254 5400283 5400361 5400410 5400508 5400543 5400591
5400656 5400677 5400721 5400737 5400743 5400789 5400832 5400859 5400860
5400913 5400975 5401047 5401105 5401115 5401135 5401139 5401153 5401187
5401196 5401205 5401222 5401227 5401228 5401242 5401257 5401262 5401297
5401317 5401349 5401395 5401447 5401451 5401492 5401509 5401511 5401577
5401644 5401649 5401672 5401721 5401727 5401774 5401818 5401890 5401915
5401918 5401947 5401985 5402027 5402070 5402107 5402136 5402145 5402219
5402232 5402268