0100044 0100079 0100143 0100172 0100208 0100324 0100353 0100421 0100617
0100673 0100785 0100790 0100822 0101131 0101174 0101290 0101321 0101369
0101378 0101479 0101487 0101526 0101550 0101611 0101943 0102097 0102098
0102130 0102147 0102228 0102240 0200108 0200124 0200167 0200376 0200840
0200855 0200919 0201033 0201125 0201528 0201621 0201680 0201715 0201967
0202127 0202182 0202415 0202445 0202501 0202762 0202779 0202982 0203002
0203211 0203282 0203444 0203455 0203805 0203852 0203946 0204124 0300038
0300078 0300304 0300308 0300319 0300364 0300388 0300402 0300553 0300666
0300787 0300790 0300794 0300872 0300878 0300936 0300956 0300961 0300987
0301283 0301523 0301538 0301594 0301615 0301660 0301731 0301767 0301870
0301905 0301910 0302136 0302195 0302240 0302314 0302336 0302354 0302361
0302451 0302516 0302542 0302574 0302591 0302625 0400031 0400044 0400063
0400404 0400503 0400530 0400581 0400587 0400614 0400763 0400836 0400915
0400957 0401041 0401149 0401189 0401299 0401334 0401358 0401369 0401459
0401552 0401663 0401766 0401788 0401829 0401903 0401918 0402062 0402080
0402094 0402191 0402209 0402320 0402492 0402560 0402673 0402693 0402707
0402787 0402802 0402833 0402876 0402894 0402898 0402988 0403006 0403012
0403045 0403080 0403256 0403289 0403344 0403452 0403611 0403708 0403752
0403785 0403786 0500100 0500291 0500355 0500407 0500432 0500498 0500506
0500778 0500816 0500869 0500890 0500915 0500922 0500925 0500939 0500942
0500960 0501058 0501202 0501245 0501249 0501280 0501342 0501426 0501489
0501601 0501717 0501729 0501758 0501770 0501944 0501963 0502009 0502256
0502273 0502351 0502382 0502435 0502647 0502655 0502665 0502684 0502909
0502914 0502953 0502978 0503055 0503104 0503134 0503180 0503190 0503398
0503447 0503503 0503527 0503550 0503555 0503632 0503655 0503898 0503942
0504003 0504027 0504034 0504035 0504137 0504272 0504278 0504381 0504385
0504433 0504620 0504819 0504864 0504917 0504955 0504960 0505050 0505212
0505263 0505334 0505469 0505528 0505649 0505791 0505794 0505820 0505893
0505899 0505928 0506019 0506022 0506186 0506237 0506336 0506379 0506475
0506523 0506540 0506571 0506686 0506723 0600081 0600171 0600397 0600522
0600576 0600890 0601079 0601254 0601292 0601417 0601460 0601464 0601633
0601675 0601717 0601990 0602173 0602456 0602570 0602619 0602741 0602770
0602829 0602872 0602899 0603176 0700402 0700489 0700765 0700937 0700959
0701028 0701031 0701603 0701608 0701789 0800013 0800016 0800034 0800133
0800190 0800223 0800395 0800405 0800527 0800531 0800665 0800777 0800783
0800847 0800886 0800887 0800907 0800936 0800939 0800950 0800952 0800996
0801025 0801026 0801050 0801089 0801149 0801371 0801410 0801433 0801440
0801598 0801617 0801670 0801770 0801813 0802023 0802055 0802116 0802137
0802162 0802165 0802230 0802236 0802467 0802521 0802572 0802633 0802671
0802846 0802943 0803022 0803025 0803054 0803126 0803282 0803426 0803547
0803564 0803709 0803943 0803953 0803961 0803968 0803997 0804034 0804100
0804145 0804171 0804215 0804321 0804335 0804439 0804457 0804458 0804529
0804592 0804721 0804811 0804908 0805031 0805096 0805130 0805192 0805299
0805318 0805383 0805403 0805442 0805490 0805498 0805530 0805542 0805617
0805705 0805724 0805747 0805847 0805926 0805995 0806158 0806210 0806228
0806233 0806287 0806297 0806352 0806375 0806413 0806561 0806659 0806683
0806757 0806809 0806854 0806911 0806942 0806980 0806981 0807066 0807106
0807130 0807152 0807165 0807184 0807265 0807577 0807605 0807800 0807824
0807955 0808171 0808232 0808303 0808359 0808431 0808562 0808569 0808642
0808785 0808867 0808994 0809122 0809225 0809246 0809255 0809341 0809443
0809489 0809611 0809638 0809648 0809681 0809742 0809948 0810020 0810022
0810038 0810090 0810160 0810256 0810363 0810596 0810635 0810645 0810667
0810676 0810807 0810867 0810911 0810955 0811045 0811160 0811218 0811226
0811526 0811602 0811638 0811661 0811788 0811837 0811894 0811922 0811963
0811982 0811983 0812035 0812064 0812088 0812125 0812281 0812358 0812501
0812611 0812623 0812638 0812813 0812976 0813144 0813185 0813240 0813336
0813361 0813394 0813412 0813429 0813473 0813520 0813536 0813579 0813858
0813863 0813872 0813892 0813913 0813947 0813995 0814011 0814060 0814073
0814146 0814151 0814238 0814269 0814283 0814337 0814405 0814411 0814437
0814550 0814598 0814643 0814651 0814841 0814885 0814938 0815060 0815078
0815317 0815400 0815657 0815659 0815761 0815771 0815801 0815845 0815851
0815919 0815925 0816023 0816110 0816628 0816665 0816692 0816722 0817081
0817126 0817155 0817331 0817465 0817501 0817509 0817518 0817538 0817751
0817837 0817903 0817915 0817946 0817954 0817970 0818183 0818217 0818371
0818418 0818488 0818495 0818498 0818513 0818555 0818613 0818624 0818633
0818681 0818699 0818750 0818756 0818801 0818803 0818804 0818893 0818901
0818922 0819010 0819043 0819116 0819473 0819474 0819495 0819517 0819524
0819662 0819748 0819780 0819840 0819848 0819935 0819944 0820031 0820045
0820072 0820163 0820175 0820182 0820202 0820205 0820285 0820383 0820479
0820584 0820675 0820709 0820776 0820825 0820867 0820883 0820944 0821029
0821063 0821072 0821274 0821350 0821550 0821651 0821742 0821760 0821788
0821820 0900031 0900369 1000077 1000204 1000277 1000286 1000353 1000461
1000791 1000975 1001092 1001154 1001208 1001217 1001237 1001242 1001308
1001333 1001367 1001443 1001523 1001565 1001681 1001708 1001988 1002032
1002050 1002204 1002539 1002542 1002704 1002712 1002809 1002821 1002897
1002936 1100085 1100251 1100287 1100348 1100507 1100739 1100788 1100952
1100987 1101052 1101380 1101414 1101500 1101511 1101608 1101640 1101749
1101818 1101916 1102019 1102068 1102115 1102155 1102491 1102497 1102524
1102546 1102645 1102830 1102878 1103013 1103035 1103121 1103294 1103324
1103338 1103605 1103774 1103910 1103936 1103959 1103967 1103991 1104143
1104417 1104435 1104471 1104509 1104616 1104660 1104717 1104728 1104789
1105097 1105128 1105173 1105245 1105286 1105430 1105489 1105565 1105658
1105665 1105787 1105800 1105855 1105856 1105863 1105916 1105959 1106130
1106504 1200021 1200060 1200205 1200221 1200223 1200277 1200384 1200541
1200588 1200615 1200626 1200702 1200850 1200877 1200925 1200939 1201052
1201090 1201112 1201148 1201200 1201329 1201365 1201589 1300105 1300187
1300321 1300331 1300391 1300528 1300593 1300598 1300604 1300727 1300853
1300880 1300908 1300934 1301048 1301103 1301162 1301192 1301281 1301374
1301390 1301407 1301474 1301507 1301531 1301624 1301683 1301838 1301960
1301973 1302001 1302048 1400170 1400291 1400472 1400609 1400927 1400940
1401041 1401087 1401118 1401178 1401231 1401257 1401314 1401349 1401352
1401395 1401495 1401606 1401658 1402026 1402180 1402447 1402516 1402719
1402779 1402820 1402831 1403187 1403324 1403626 1403641 1403711 1403776
1403925 1404272 1404363 1404482 1404586 1404602 1404695 1405043 1500358
1500532 1500692 1500710 1500958 1501006 1501016 1501019 1501117 1501272
1501303 1501353 1501359 1501389 1501574 1501621 1501665 1501851 1501899
1502014 1502033 1502217 1502337 1502383 1502392 1502421 1502503 1502547
1502654 1502862 1503055 1503149 1503245 1503329 1503417 1503508 1503713
1504385 1504521 1504541 1504647 1504648 1504660 1504665 1504731 1504810
1505071 1505133 1505173 1505244 1505508 1505623 1505653 1505683 1505800
1505850 1505935 1700001 1700203 1700282 1700314 1700368 1700434 1700671
1700741 1700855 1700868 1700971 1900074 1900186 1900221 1900275 1900301
1900329 1900381 1900679 1900819 1900825 1900826 1900852 1900939 1900958
1900999 1901031 1901079 2400062 2400165 2400243 2400441 2400458 2400683
2400894 2400906 2401033 2401349 2401448 2401547 2401636 2401651 2401784
2401840 2401858 2402047 2402068 2402074 2402097 2402190 2600076 2600087
2600102 2600169 2600189 2600353 2600526 2600664 2600671 2600712 2600936
2601008 2601030 2601260 2601366 2601387 2601560 2601613 2601666 2601733
2601812 2602141 2602162 2602246 2602293 2602312 2602357 2602583 2602606
2602616 2602637 2602663 2602785 2602968 2603051 2603135 2603927 2604175
2604927 2604947 2605413 2605433 2605560 2605745 2605973 2606009 2606038
2606170 2606269 2606337 2606349 2606399 2606402 2606459 2606654 2606694
2606833 2606875 2606876 2606924 2606977 2606992 2607084 2607091 2607101
2607523 3400142 3400208 3400418 3400462 3400486 3400496 3400639 3400808
3400809 3400914 3401149 3401152 3401318 3401356 3401367 3401450 3401482
3401489 3401527 3401559 3401647 3401733 3500035 3500134 3500146 3500191
3500199 3500227 3500254 3500395 3500576 3500624 3500645 3500670 3500790
3501066 3501123 3501137 3501321 3501341 3501456 3501527 3501581 3501608
3501638 3501749 3501790 3501895 3501951 3501993 3502127 3502195 3502204
3502240 3502262 3502433 3502537 3502538 3502616 3502659 3502774 3502784
3502937 3503059 3503095 3503128 3503138 3503160 3503463 3503516 3503544
3503684 3503728 3503730 3503743 3503850 3503887 3503921 3504048 3504176
3504240 3504287 3504636 3504638 3504822 3504839 3504864 3504995 3505149
3505316 3505454 3505464 3505513 3505610 3505645 3505678 3505738 3505767
3505837 3505851 3505957 3600030 3600051 3600114 3600192 3600267 3600290
3600432 3600495 3600541 3600593 3700021 3900026 3900124 3900170 3900612
3900915 4000416 4000430 4000740 4000887 4100050 4100099 4100156 4100165
4100180 4100371 4100407 4100493 4100509 4100578 4100612 4100619 4100801
4100855 4100917 4100973 4101126 4101147 4101272 4101494 4101528 4101725
4101761 4101788 4101840 4102084 4102130 4102149 4900182 4900189 4900295
4900349 4900476 4900515 4900529 4900583 4900613 4900669 4900711 4900774
4900856 4900936 4900966 4900988 5000110 5000193 5000387 5000421 5000436
5100068 5100107 5100110 5100193 5100249 5100315 5100357 5100358 5100400
5100445 5100531 5100801 5101035 5101038 5101052 5101053 5101110 5101379
5101416 5101425 5101444 5101492 5101543 5200055 5200132 5200236 5200270
5200277 5200345 5200380 5200441 5300041 5300123 5300153 5300154 5400046
5400172 5400443 5400543 5400569 5400591 5400737 5400913 5401115 5401124
5401139 5401257 5401297 5401395 5401511 5401649 5401721 5401727 5401890
5401915 5402027 5402107 5402167