0100026 0100079 0100143 0100172 0100277 0100287 0100324 0100394 0100499
0100736 0100781 0100790 0100954 0101034 0101071 0101148 0101174 0101262
0101290 0101321 0101369 0101428 0101487 0101493 0101550 0101611 0101808
0101822 0101823 0101906 0102097 0102098 0102138 0102147 0102186 0102196
0102227 0102228 0102274 0102316 0102351 0102714 0102749 0102800 0102810
0102904 0102935 0102936 0103075 0103097 0103101 0103134 0103156 0103199
0103319 0103363 0103445 0103464 0103535 0103610 0103646 0103746 0103762
0103819 0103846 0103894 0104066 0104067 0104273 0104443 0104556 0104568
0200025 0200124 0200167 0200245 0200299 0200303 0200304 0200307 0200432
0200453 0200468 0200721 0200741 0200821 0200848 0200855 0200864 0200870
0200923 0200957 0200983 0201025 0201125 0201148 0201173 0201316 0201346
0201348 0201395 0201413 0201541 0201543 0201602 0201614 0201621 0201647
0201656 0201680 0201682 0201706 0201729 0201800 0201896 0201910 0201925
0201928 0201961 0201967 0202019 0202055 0202084 0202127 0202182 0202196
0202293 0202298 0202341 0202379 0202385 0202398 0202415 0202501 0202587
0202607 0202718 0202820 0202848 0202870 0202882 0202934 0202956 0202980
0202982 0202985 0203002 0203023 0203124 0203146 0203193 0203198 0203228
0203317 0203434 0203458 0203460 0203488 0203494 0203537 0203627 0203702
0203805 0203827 0203897 0203946 0203981 0204124 0204263 0204375 0204453
0204528 0204707 0204913 0204917 0204921 0204956 0204997 0205109 0205243
0205248 0205296 0205313 0205354 0205432 0205541 0205576 0205604 0205698
0205715 0205719 0205733 0205818 0205823 0205972 0206080 0206226 0206329
0206398 0206559 0206631 0206660 0206790 0206791 0206856 0206969 0206984
0207015 0207018 0207139 0207261 0207265 0207375 0207416 0207454 0207458
0207556 0207684 0208006 0208031 0208176 0208267 0208311 0208557 0300038
0300078 0300106 0300120 0300184 0300203 0300238 0300276 0300304 0300319
0300335 0300364 0300466 0300554 0300631 0300634 0300696 0300702 0300773
0300787 0300790 0300794 0300872 0300936 0300956 0300961 0300987 0301050
0301057 0301104 0301167 0301173 0301247 0301285 0301358 0301369 0301371
0301523 0301546 0301593 0301615 0301647 0301724 0301731 0301745 0301868
0301897 0301905 0301910 0302136 0302195 0302198 0302240 0302259 0302322
0302336 0302354 0302368 0302386 0302391 0302435 0302451 0302458 0302460
0302476 0302542 0302591 0302625 0302723 0302724 0302729 0302752 0302784
0302828 0302869 0302956 0303000 0303008 0303013 0303085 0303151 0303176
0303213 0303306 0303449 0303483 0303626 0303680 0303708 0303731 0303744
0303918 0304039 0304041 0304144 0304188 0304189 0304264 0304292 0304334
0304368 0304447 0304520 0304531 0304534 0304588 0304589 0304621 0304658
0304721 0304758 0304775 0304816 0304824 0304826 0304830 0304872 0304895
0304901 0304926 0304927 0304989 0305114 0305155 0305159 0305191 0305231
0305301 0305334 0305369 0305489 0305491 0305576 0305697 0305737 0305800
0400030 0400044 0400060 0400063 0400180 0400212 0400258 0400267 0400324
0400393 0400428 0400441 0400446 0400448 0400501 0400503 0400530 0400581
0400587 0400603 0400815 0400816 0400833 0400836 0400879 0401027 0401041
0401149 0401186 0401249 0401293 0401299 0401306 0401399 0401401 0401412
0401431 0401433 0401481 0401500 0401589 0401662 0401663 0401738 0401759
0401766 0401780 0401788 0401829 0401903 0401918 0401948 0401999 0402030
0402037 0402062 0402080 0402094 0402131 0402140 0402190 0402209 0402228
0402318 0402365 0402398 0402410 0402413 0402488 0402492 0402518 0402560
0402561 0402578 0402673 0402693 0402707 0402754 0402823 0402833 0402860
0402867 0402876 0402881 0402894 0402898 0402921 0402928 0402944 0402988
0403022 0403080 0403133 0403159 0403187 0403194 0403201 0403224 0403255
0403385 0403450 0403464 0403516 0403661 0403710 0403714 0403729 0403733
0403776 0403785 0403786 0403813 0403923 0403985 0404007 0404104 0404197
0404241 0404289 0404343 0404365 0404383 0404434 0404529 0404536 0404588
0404627 0404711 0404736 0404797 0404812 0404834 0404855 0404918 0405048
0405105 0405122 0405226 0405231 0405396 0405402 0405430 0405446 0405539
0405590 0405730 0405747 0405816 0405818 0405893 0405916 0405984 0405988
0406047 0406076 0406094 0406174 0406203 0406211 0406262 0406510 0406567
0406589 0406780 0406815 0406864 0406869 0406890 0406920 0406944 0406949
0407051 0407084 0407111 0407204 0407219 0407236 0407256 0407287 0407319
0407332 0407498 0407511 0407528 0407669 0407688 0407720 0407795 0407806
0407828 0407835 0407879 0407937 0407942 0408094 0408144 0408211 0408279
0408344 0408473 0408502 0408513 0408540 0408639 0408696 0408746 0408857
0408878 0408935 0408969 0408970 0409025 0409068 0409081 0409098 0409133
0409176 0409287 0409337 0409367 0409409 0409472 0500030 0500034 0500070
0500118 0500178 0500188 0500203 0500291 0500297 0500348 0500355 0500432
0500506 0500519 0500522 0500542 0500560 0500669 0500778 0500842 0500869
0500890 0500922 0500925 0500933 0500936 0500939 0500942 0500960 0500966
0501002 0501058 0501087 0501189 0501193 0501202 0501203 0501226 0501240
0501245 0501266 0501268 0501280 0501309 0501342 0501347 0501487 0501489
0501502 0501526 0501601 0501680 0501743 0501758 0501770 0501871 0501904
0501912 0501925 0501990 0502009 0502047 0502056 0502074 0502100 0502152
0502155 0502190 0502194 0502229 0502256 0502264 0502310 0502339 0502351
0502405 0502435 0502569 0502653 0502655 0502665 0502686 0502710 0502719
0502726 0502734 0502764 0502800 0502891 0502894 0502914 0502938 0502990
0503002 0503100 0503104 0503134 0503390 0503398 0503527 0503550 0503555
0503628 0503632 0503683 0503749 0503766 0503827 0503898 0503913 0503942
0503946 0504003 0504027 0504035 0504036 0504039 0504049 0504089 0504137
0504158 0504226 0504242 0504272 0504278 0504330 0504381 0504385 0504415
0504428 0504433 0504555 0504594 0504620 0504650 0504754 0504761 0504782
0504819 0504824 0504850 0504897 0504917 0504973 0505019 0505029 0505050
0505139 0505142 0505162 0505212 0505263 0505267 0505327 0505385 0505391
0505465 0505494 0505500 0505511 0505528 0505599 0505604 0505647 0505649
0505678 0505793 0505794 0505820 0505832 0505840 0505893 0505899 0505908
0505928 0506019 0506022 0506068 0506179 0506186 0506237 0506319 0506379
0506415 0506485 0506507 0506523 0506535 0506540 0506571 0506672 0506756
0506779 0506788 0506817 0506835 0506882 0506920 0506935 0506980 0507017
0507083 0507109 0507131 0507133 0507163 0507174 0507205 0507320 0507373
0507393 0507409 0507434 0507470 0507496 0507528 0507549 0507594 0507675
0507758 0507774 0507776 0507793 0507802 0507825 0507849 0507899 0507932
0507977 0508072 0508128 0508196 0508200 0508205 0508266 0508298 0508318
0508354 0508388 0508487 0508522 0508565 0508659 0508709 0508733 0508756
0508774 0508784 0508788 0508837 0508952 0508994 0509013 0509164 0509189
0509198 0509204 0509222 0509261 0509345 0509370 0509372 0509379 0509408
0509553 0509589 0509606 0509743 0509798 0509846 0509977 0509979 0509994
0510059 0510120 0510147 0510149 0510210 0510267 0510291 0510328 0510425
0510484 0510530 0510543 0510562 0510626 0510639 0510682 0510705 0510776
0510935 0510988 0511067 0511077 0511086 0511092 0511098 0511113 0511136
0511137 0511140 0511202 0511205 0511234 0511260 0511264 0511281 0511282
0511305 0511386 0511405 0511427 0511435 0511606 0511652 0511676 0511741
0511742 0511778 0511828 0511842 0511854 0512017 0512035 0512128 0512131
0512170 0512241 0512276 0512350 0512438 0512442 0512495 0512525 0512548
0512616 0512630 0512684 0512772 0512773 0512802 0512809 0512822 0512845
0512856 0512858 0512962 0513025 0513042 0513092 0513135 0513137 0513175
0513192 0513211 0513350 0513433 0513457 0513497 0513536 0513575 0513584
0513593 0513609 0513632 0513659 0513701 0513706 0513748 0513797 0513886
0513939 0513943 0513959 0514107 0514152 0514215 0514291 0514335 0514357
0514362 0514372 0514389 0514405 0514425 0514463 0514467 0514485 0514588
0514684 0514702 0514795 0514847 0514859 0514862 0514868 0600081 0600214
0600397 0600440 0600473 0600570 0600576 0600639 0600851 0600885 0600989
0601079 0601252 0601417 0601432 0601464 0601478 0601580 0601663 0601717
0601799 0601915 0601954 0601990 0602121 0602377 0602456 0602607 0602619
0602668 0602736 0602742 0602770 0602899 0602989 0603122 0603176 0603219
0603252 0603329 0603369 0603393 0603394 0603684 0603816 0603889 0603932
0603997 0604055 0604135 0604368 0604409 0604424 0604449 0604465 0604561
0604592 0604605 0604683 0604710 0604758 0604789 0604846 0604878 0604899
0605011 0605110 0605252 0605309 0605598 0605804 0605921 0606003 0606106
0606144 0606163 0606229 0606254 0606270 0606290 0606310 0606333 0606403
0606429 0606479 0606504 0606531 0606567 0606577 0606598 0606686 0606775
0606780 0606794 0700068 0700153 0700435 0700437 0700489 0700545 0700759
0700817 0701106 0701139 0701145 0701271 0701333 0701425 0701466 0701553
0701608 0701650 0701702 0701724 0701786 0701789 0701823 0701950 0702123
0702168 0702309 0702374 0702390 0702444 0702513 0702676 0702942 0702959
0702990 0703019 0703122 0703262 0703286 0703287 0703317 0703453 0703487
0703693 0800013 0800023 0800034 0800058 0800136 0800172 0800223 0800232
0800233 0800234 0800288 0800333 0800344 0800372 0800386 0800395 0800405
0800489 0800510 0800559 0800567 0800568 0800576 0800583 0800589 0800601
0800665 0800666 0800674 0800686 0800710 0800736 0800777 0800783 0800798
0800823 0800847 0800850 0800883 0800886 0800887 0800907 0800916 0800997
0801010 0801025 0801026 0801086 0801091 0801099 0801128 0801149 0801157
0801167 0801183 0801220 0801228 0801295 0801308 0801311 0801323 0801324
0801358 0801371 0801433 0801440 0801500 0801521 0801584 0801598 0801612
0801617 0801670 0801689 0801762 0801780 0801782 0801795 0801810 0801829
0801848 0801890 0801920 0801990 0802013 0802023 0802034 0802045 0802083
0802115 0802162 0802165 0802176 0802220 0802223 0802230 0802262 0802306
0802368 0802375 0802417 0802436 0802439 0802447 0802467 0802519 0802521
0802556 0802570 0802572 0802595 0802633 0802638 0802671 0802698 0802726
0802758 0802765 0802770 0802836 0802842 0802855 0802896 0802898 0802906
0802925 0802943 0802960 0803002 0803054 0803090 0803114 0803122 0803126
0803138 0803151 0803207 0803258 0803288 0803416 0803426 0803446 0803508
0803551 0803556 0803564 0803612 0803621 0803628 0803645 0803688 0803689
0803714 0803729 0803737 0803738 0803740 0803754 0803776 0803791 0803809
0803824 0803840 0803861 0803893 0803896 0803907 0803929 0803943 0803960
0803961 0803968 0803988 0803994 0804006 0804034 0804046 0804096 0804100
0804124 0804145 0804171 0804215 0804286 0804321 0804331 0804335 0804372
0804391 0804432 0804439 0804458 0804470 0804569 0804600 0804677 0804685
0804755 0804782 0804812 0804856 0804926 0804971 0805022 0805054 0805085
0805103 0805195 0805197 0805281 0805298 0805299 0805302 0805308 0805315
0805339 0805373 0805390 0805403 0805442 0805475 0805497 0805498 0805511
0805530 0805540 0805542 0805546 0805555 0805596 0805617 0805644 0805656
0805657 0805665 0805675 0805705 0805720 0805749 0805782 0805789 0805813
0805847 0805926 0805942 0805995 0806045 0806191 0806199 0806210 0806228
0806233 0806251 0806287 0806323 0806328 0806352 0806356 0806375 0806397
0806405 0806426 0806443 0806512 0806540 0806582 0806645 0806683 0806689
0806701 0806766 0806809 0806816 0806818 0806839 0806840 0806843 0806851
0806854 0806864 0806910 0806965 0806980 0806981 0807001 0807024 0807037
0807066 0807112 0807119 0807130 0807152 0807165 0807184 0807188 0807265
0807281 0807334 0807336 0807346 0807388 0807405 0807444 0807469 0807519
0807567 0807573 0807592 0807676 0807680 0807722 0807728 0807733 0807737
0807743 0807761 0807824 0807848 0807917 0807918 0807926 0807934 0807936
0807955 0807987 0808017 0808054 0808073 0808082 0808112 0808166 0808223
0808255 0808258 0808265 0808359 0808366 0808375 0808393 0808410 0808431
0808439 0808457 0808562 0808569 0808573 0808599 0808606 0808615 0808642
0808671 0808675 0808779 0808812 0808813 0808822 0808835 0808878 0808900
0808934 0808994 0809000 0809025 0809050 0809052 0809075 0809104 0809122
0809205 0809240 0809246 0809260 0809326 0809360 0809381 0809388 0809402
0809407 0809413 0809423 0809430 0809443 0809478 0809536 0809611 0809628
0809648 0809681 0809699 0809751 0809777 0809795 0809915 0809937 0809962
0809983 0809989 0810022 0810038 0810090 0810111 0810112 0810160 0810173
0810176 0810222 0810223 0810247 0810248 0810256 0810329 0810379 0810384
0810436 0810492 0810496 0810514 0810596 0810620 0810626 0810645 0810659
0810665 0810667 0810671 0810699 0810719 0810800 0810807 0810827 0810837
0810854 0810863 0810864 0810867 0810907 0810917 0810955 0811005 0811027
0811044 0811048 0811080 0811092 0811097 0811129 0811139 0811160 0811197
0811218 0811226 0811244 0811274 0811285 0811310 0811316 0811341 0811352
0811359 0811389 0811397 0811446 0811460 0811489 0811506 0811526 0811538
0811551 0811558 0811564 0811571 0811602 0811638 0811643 0811645 0811648
0811651 0811755 0811788 0811827 0811833 0811837 0811838 0811854 0811873
0811898 0811911 0811922 0811927 0811945 0811982 0811983 0812009 0812027
0812035 0812042 0812064 0812075 0812088 0812098 0812193 0812205 0812207
0812236 0812259 0812260 0812281 0812358 0812387 0812400 0812427 0812434
0812447 0812462 0812472 0812516 0812517 0812530 0812611 0812663 0812666
0812706 0812711 0812752 0812813 0812836 0812842 0812866 0812867 0812875
0813025 0813044 0813076 0813129 0813144 0813155 0813185 0813200 0813220
0813237 0813307 0813317 0813329 0813333 0813340 0813346 0813359 0813412
0813420 0813429 0813433 0813445 0813447 0813473 0813517 0813608 0813610
0813621 0813697 0813703 0813732 0813733 0813737 0813809 0813826 0813839
0813851 0813858 0813862 0813863 0813872 0813896 0813913 0813931 0813939
0813947 0813969 0813980 0814004 0814060 0814066 0814073 0814076 0814149
0814190 0814197 0814241 0814243 0814257 0814282 0814283 0814297 0814302
0814384 0814405 0814437 0814457 0814491 0814550 0814555 0814598 0814628
0814643 0814651 0814697 0814702 0814719 0814755 0814821 0814836 0814841
0814845 0814859 0814885 0814886 0814905 0814927 0814933 0814938 0814983
0814993 0815017 0815051 0815083 0815134 0815148 0815163 0815204 0815272
0815280 0815346 0815376 0815396 0815400 0815424 0815429 0815442 0815517
0815519 0815608 0815657 0815712 0815716 0815761 0815800 0815801 0815828
0815845 0815851 0815857 0815925 0815939 0815940 0815959 0815990 0816023
0816052 0816060 0816087 0816093 0816102 0816103 0816110 0816251 0816276
0816287 0816290 0816365 0816383 0816434 0816435 0816471 0816508 0816509
0816519 0816528 0816567 0816606 0816628 0816648 0816665 0816692 0816695
0816722 0816772 0816855 0816901 0816914 0816970 0816974 0816976 0817034
0817059 0817081 0817106 0817134 0817147 0817164 0817166 0817173 0817188
0817192 0817223 0817225 0817236 0817331 0817340 0817343 0817356 0817367
0817382 0817383 0817406 0817423 0817482 0817490 0817493 0817508 0817516
0817518 0817525 0817538 0817552 0817602 0817640 0817663 0817705 0817718
0817751 0817779 0817783 0817815 0817818 0817819 0817847 0817900 0817903
0818008 0818092 0818154 0818199 0818217 0818218 0818233 0818245 0818246
0818262 0818335 0818377 0818418 0818488 0818497 0818498 0818499 0818502
0818558 0818562 0818576 0818602 0818624 0818633 0818681 0818700 0818711
0818724 0818733 0818750 0818756 0818803 0818807 0818843 0818867 0818870
0818893 0818899 0818914 0818921 0818929 0819010 0819017 0819039 0819050
0819057 0819176 0819233 0819265 0819277 0819289 0819300 0819303 0819332
0819354 0819435 0819457 0819473 0819474 0819479 0819517 0819524 0819536
0819637 0819716 0819741 0819761 0819780 0819836 0819848 0819917 0819929
0819950 0819959 0820020 0820021 0820022 0820028 0820030 0820031 0820054
0820072 0820082 0820128 0820171 0820175 0820182 0820187 0820202 0820207
0820215 0820225 0820233 0820240 0820264 0820271 0820339 0820382 0820390
0820394 0820427 0820443 0820449 0820479 0820546 0820566 0820584 0820605
0820645 0820675 0820676 0820694 0820709 0820742 0820769 0820780 0820783
0820825 0820866 0820867 0820879 0820898 0820944 0820953 0820997 0821029
0821063 0821099 0821126 0821144 0821172 0821201 0821230 0821247 0821274
0821278 0821283 0821319 0821364 0821430 0821434 0821440 0821445 0821472
0821481 0821494 0821507 0821510 0821520 0821521 0821564 0821580 0821587
0821588 0821590 0821613 0821642 0821646 0821651 0821675 0821680 0821681
0821755 0821788 0821806 0821834 0821873 0821897 0821929 0821940 0821996
0822021 0822038 0822040 0822043 0822050 0822066 0822079 0822086 0822127
0822223 0822293 0822348 0822381 0822399 0822409 0822462 0822465 0822477
0822483 0822513 0822525 0822562 0822604 0822613 0822633 0822704 0822738
0822752 0822760 0822809 0822818 0822853 0822856 0822871 0822883 0822909
0822910 0822971 0823012 0823028 0823047 0823052 0823056 0823103 0823106
0823146 0823201 0823219 0823231 0823258 0823270 0823281 0823311 0823316
0823415 0823464 0823477 0823501 0823528 0823612 0823750 0823763 0823778
0823781 0823828 0823844 0823908 0823918 0823919 0824040 0824074 0824105
0824112 0824196 0824201 0824224 0824246 0824294 0824298 0824347 0824354
0824392 0824409 0824414 0824425 0824457 0824492 0824525 0824561 0824580
0824591 0824612 0824616 0824618 0824622 0824648 0824685 0824691 0824721
0824835 0824838 0824855 0824876 0824884 0824945 0824974 0824983 0824993
0825051 0825059 0825103 0825121 0825153 0825234 0825279 0825282 0825329
0825363 0825382 0825384 0825435 0825436 0825458 0825536 0825563 0825589
0825591 0825602 0825608 0825612 0825639 0825653 0825683 0825724 0825775
0825797 0825849 0825850 0825875 0825880 0825925 0825999 0826042 0826060
0826075 0826104 0826123 0826137 0826144 0826162 0826177 0826292 0826321
0826327 0826360 0826372 0826447 0826496 0826508 0826513 0826572 0826604
0826621 0826651 0826671 0826678 0826720 0826751 0826757 0826769 0826770
0826789 0826894 0826898 0826900 0826976 0827012 0827014 0827020 0827027
0827045 0827101 0827131 0827140 0827169 0827190 0827323 0827340 0827379
0827418 0827452 0827546 0827571 0827665 0827687 0827792 0827809 0827842
0827860 0827889 0828041 0828107 0828120 0828182 0828258 0828271 0828296
0828318 0828357 0828402 0828412 0828463 0828480 0828509 0828670 0828702
0828717 0828727 0828776 0828895 0828920 0828995 0828998 0829024 0829042
0829085 0829090 0829199 0829236 0829266 0829286 0829288 0829336 0829347
0829379 0829392 0829413 0829420 0829429 0829435 0829486 0829518 0829574
0829626 0829639 0829707 0829717 0829725 0829765 0829800 0829801 0829842
0829853 0829872 0829878 0829916 0829924 0830016 0830049 0830076 0830100
0830130 0830171 0830179 0830186 0830189 0830209 0830239 0830241 0830265
0830281 0830294 0830297 0830358 0830398 0830412 0830510 0830572 0830608
0830625 0830639 0830644 0830684 0830728 0830735 0830757 0830797 0830833
0830841 0830857 0830865 0830876 0830895 0830930 0830966 0830968 0830987
0830996 0831117 0831159 0831161 0831219 0831236 0831245 0831262 0831287
0831295 0831315 0831333 0831357 0831421 0831457 0831512 0831616 0831631
0831688 0831696 0831715 0831819 0831851 0831978 0831994 0831998 0832018
0832040 0832042 0832048 0832076 0832080 0832103 0832157 0832164 0832242
0832337 0832365 0832456 0832474 0832570 0832657 0832729 0832787 0832872
0832895 0832897 0832944 0832970 0833046 0833053 0833065 0833166 0833220
0833259 0833328 0833354 0833406 0833411 0833435 0833436 0833438 0833504
0833586 0833675 0833756 0833818 0833854 0833877 0833886 0833909 0833953
0833971 0833992 0834011 0834018 0834024 0834048 0834114 0834133 0834158
0834196 0834346 0834382 0834391 0834398 0834440 0834458 0834469 0834541
0834567 0834578 0834723 0834772 0834803 0834825 0834831 0834868 0834873
0834935 0834965 0834986 0834991 0835018 0835027 0835057 0835090 0835104
0835125 0835129 0835140 0835149 0835151 0835184 0835191 0835211 0835216
0835217 0835241 0835334 0835360 0835373 0835411 0835471 0835475 0835500
0835521 0835540 0835591 0835593 0835596 0835606 0835625 0835632 0835662
0835703 0835706 0835712 0835725 0835735 0835786 0835787 0835891 0835908
0835914 0835960 0835967 0836014 0836054 0836065 0836088 0836105 0836156
0836253 0836272 0836279 0836408 0836464 0836480 0836623 0836638 0836640
0836714 0836821 0836830 0836846 0836854 0836908 0836964 0836995 0837018
0837052 0837107 0837115 0837122 0837139 0837175 0837232 0837258 0837291
0837306 0837333 0837335 0837395 0837422 0837427 0837446 0837457 0837474
0837478 0837486 0837493 0837507 0837553 0837570 0837577 0837588 0837597
0837613 0837621 0837657 0837671 0837685 0837700 0837719 0837770 0837780
0837811 0837818 0837895 0837915 0837998 0838001 0838042 0838049 0838092
0838097 0838106 0838123 0838133 0838134 0838144 0838207 0838208 0838281
0838323 0838401 0838429 0838493 0838569 0838594 0838614 0838642 0838694
0838734 0838761 0838798 0838830 0838840 0838843 0838865 0838876 0838897
0838903 0838921 0838960 0839013 0839020 0839084 0839125 0839175 0839178
0839223 0839237 0839255 0839353 0839392 0839410 0839478 0839488 0839492
0839510 0839513 0839581 0839684 0839701 0839747 0839783 0839866 0839876
0839883 0839947 0840095 0840138 0840186 0840197 0840249 0840317 0840363
0840387 0840426 0840437 0840499 0840561 0840589 0840623 0840642 0840696
0840700 0840740 0840744 0840766 0840894 0840903 0840966 0840981 0841011
0841027 0841055 0841062 0841106 0841133 0841275 0841346 0841441 0841465
0841467 0841484 0841505 0841512 0841630 0841636 0841667 0841691 0841717
0841741 0841749 0841813 0841821 0841838 0841927 0841937 0841961 0842008
0842072 0842088 0842117 0842194 0842202 0842234 0842326 0842345 0842381
0842421 0842487 0842553 0842575 0842578 0842594 0842617 0842642 0842662
0842663 0842670 0842681 0842687 0842696 0842786 0842814 0842816 0842838
0842840 0842895 0842898 0842936 0842943 0843035 0843053 0843089 0843110
0843122 0843133 0843140 0843191 0843214 0843277 0843278 0843309 0843348
0843352 0843360 0843368 0843384 0843434 0843435 0843536 0843600 0843615
0843644 0843664 0843670 0843770 0843792 0843813 0843849 0843933 0843964
0843968 0844008 0844026 0844029 0844069 0844075 0844093 0844166 0844170
0844174 0844251 0844267 0844288 0844319 0844355 0844364 0844422 0844449
0844474 0844485 0844495 0844506 0844552 0844556 0844560 0844567 0844578
0844581 0844663 0844755 0844765 0844774 0844776 0844781 0844866 0844909
0844923 0844928 0844968 0844977 0844991 0845016 0845040 0845062 0845105
0845119 0845155 0845164 0845194 0845217 0845224 0845300 0845304 0845332
0845359 0845409 0845426 0845442 0845529 0845538 0845545 0845561 0845643
0845678 0845704 0845713 0845771 0845794 0845805 0845833 0845859 0845878
0845889 0845909 0845942 0845949 0846043 0846057 0846065 0846069 0846071
0846101 0846104 0846118 0846161 0846218 0846233 0846239 0846245 0846314
0846342 0846354 0846373 0846389 0846406 0846486 0846534 0846566 0846568
0846642 0846647 0846730 0846740 0846787 0846855 0846878 0846903 0846943
0846946 0846976 0847041 0847119 0847125 0847153 0847162 0847179 0847190
0847212 0847228 0847239 0847240 0847261 0847290 0847301 0847315 0847332
0847347 0847354 0847472 0847475 0847509 0847523 0847558 0847568 0847599
0847615 0847616 0847663 0847731 0847741 0847764 0847869 0847871 0847922
0847932 0847970 0847993 0848017 0848018 0848027 0848085 0848129 0848133
0848140 0848173 0848209 0848211 0848221 0848258 0848309 0848316 0848326
0848334 0848351 0848395 0848434 0848533 0848537 0848552 0848560 0848576
0848611 0848722 0848765 0848824 0848857 0848867 0848917 0848948 0848970
0849025 0849069 0849171 0849238 0849265 0849292 0849304 0849359 0849364
0849367 0849384 0849397 0849423 0849472 0849497 0849548 0849551 0849617
0849660 0849711 0849735 0849760 0849799 0849814 0849849 0849886 0849964
0850029 0850048 0900008 0900031 0900090 0900232 0900290 0900409 0900415
0900460 0900481 0900611 0900637 0900922 0900944 0900957 0901138 0901166
0901273 0901295 0901370 0901446 1000190 1000264 1000268 1000277 1000286
1000344 1000353 1000461 1000490 1000681 1000685 1000791 1000952 1000975
1001007 1001154 1001208 1001217 1001242 1001261 1001308 1001333 1001367
1001443 1001493 1001523 1001565 1001586 1001638 1001648 1001708 1001711
1001914 1001930 1001987 1002032 1002050 1002065 1002204 1002263 1002330
1002542 1002663 1002704 1002809 1002821 1002897 1002936 1003143 1003150
1003215 1003239 1003256 1003346 1003415 1003431 1003532 1003546 1003611
1003618 1003619 1003727 1003736 1003765 1003808 1003820 1003937 1003966
1003980 1003983 1004129 1004227 1004308 1004414 1004418 1004601 1004635
1004694 1004766 1004799 1004998 1005071 1005139 1005149 1005156 1005198
1005257 1005294 1005402 1005486 1005551 1005614 1005709 1005787 1005809
1005852 1006119 1006141 1006203 1006205 1006293 1006304 1006433 1006462
1006515 1006729 1100019 1100069 1100085 1100165 1100186 1100287 1100348
1100350 1100450 1100523 1100584 1100688 1100707 1100729 1100732 1100739
1100788 1100800 1100952 1100981 1100987 1101020 1101043 1101115 1101180
1101211 1101380 1101427 1101474 1101500 1101511 1101608 1101640 1101644
1101681 1101736 1101755 1101771 1101818 1101861 1101912 1101916 1102068
1102115 1102185 1102236 1102239 1102274 1102339 1102450 1102491 1102497
1102503 1102524 1102546 1102554 1102593 1102603 1102620 1102645 1102765
1102782 1102805 1102869 1102876 1102964 1103013 1103123 1103250 1103267
1103280 1103294 1103366 1103377 1103422 1103438 1103519 1103571 1103605
1103710 1103726 1103789 1103798 1103853 1103905 1103936 1104019 1104143
1104211 1104297 1104471 1104495 1104611 1104616 1104660 1104661 1104680
1104717 1104789 1104812 1104837 1104872 1104968 1105015 1105097 1105108
1105128 1105210 1105225 1105430 1105521 1105526 1105598 1105601 1105610
1105625 1105658 1105665 1105681 1105685 1105688 1105693 1105755 1105787
1105800 1105855 1105863 1105908 1105959 1106029 1106127 1106130 1106312
1106426 1106483 1106507 1106554 1106568 1106576 1106581 1106627 1106654
1106747 1106753 1106834 1106901 1106980 1106989 1106991 1107118 1107174
1107178 1107244 1107276 1107300 1107365 1107441 1107442 1107447 1107528
1107556 1107582 1107639 1107702 1107719 1107724 1107747 1107818 1107861
1107862 1107874 1107907 1107996 1108005 1108016 1108035 1108051 1108083
1108115 1108218 1108222 1108236 1108278 1108283 1108304 1108336 1108337
1108347 1108359 1108429 1108483 1108496 1108579 1108628 1108745 1108749
1108799 1108802 1108817 1108833 1108850 1108928 1108933 1108991 1109024
1109122 1109138 1109145 1109177 1109238 1109276 1109293 1109305 1109336
1109369 1109414 1109635 1109667 1109711 1109843 1109859 1109883 1109924
1109973 1109990 1110029 1110105 1110133 1110167 1110258 1110285 1110311
1110328 1110358 1110389 1110480 1110499 1110504 1110642 1110662 1110673
1110699 1110705 1110766 1110800 1110846 1110937 1110950 1111084 1111093
1111176 1111212 1111258 1111307 1111332 1111355 1111407 1111449 1111667
1111729 1111771 1111887 1111908 1111951 1111974 1111992 1112098 1112391
1112430 1112455 1112460 1112542 1112574 1112666 1112699 1112715 1112725
1112737 1112742 1112754 1112864 1112967 1113045 1113059 1113097 1113117
1113229 1113301 1113387 1113446 1113463 1113469 1113483 1113498 1113589
1113599 1113641 1113780 1113803 1113871 1113885 1113918 1113964 1113965
1114057 1114096 1114120 1200060 1200100 1200205 1200206 1200223 1200277
1200308 1200325 1200355 1200384 1200387 1200468 1200588 1200615 1200626
1200702 1200741 1200877 1200885 1200935 1200939 1201047 1201052 1201090
1201112 1201148 1201184 1201200 1201222 1201234 1201237 1201329 1201365
1201484 1201589 1201720 1201721 1201795 1201816 1201833 1201853 1201880
1201903 1201990 1202006 1202044 1202051 1202081 1202083 1202127 1202279
1202311 1202681 1202761 1202887 1202907 1203119 1203186 1203187 1203214
1203231 1203366 1203412 1203414 1203536 1203548 1203566 1203688 1203689
1203790 1203804 1203866 1203908 1203998 1204066 1204099 1204104 1204208
1204226 1300061 1300105 1300170 1300187 1300216 1300321 1300331 1300511
1300592 1300598 1300727 1300834 1300853 1300880 1300897 1300974 1301048
1301081 1301103 1301151 1301162 1301231 1301281 1301330 1301374 1301375
1301390 1301402 1301407 1301474 1301624 1301683 1301960 1301970 1302001
1302029 1302048 1302402 1302416 1302633 1302714 1302927 1302929 1303056
1303243 1303417 1303455 1303557 1303595 1303648 1303667 1303771 1303803
1303830 1303859 1303972 1304021 1304037 1304158 1304171 1304199 1304225
1304236 1304284 1304480 1304658 1304685 1304692 1304734 1304736 1304802
1304812 1400054 1400167 1400238 1400251 1400358 1400443 1400469 1400472
1400474 1400488 1400498 1400515 1400603 1400609 1400622 1400809 1400811
1400829 1400909 1400927 1400930 1400951 1400999 1401033 1401041 1401102
1401147 1401149 1401174 1401183 1401190 1401226 1401265 1401314 1401334
1401349 1401351 1401367 1401395 1401437 1401451 1401477 1401479 1401495
1401615 1401660 1401686 1401883 1402180 1402207 1402223 1402288 1402416
1402421 1402447 1402465 1402476 1402493 1402500 1402503 1402520 1402533
1402576 1402582 1402614 1402623 1402685 1402703 1402711 1402719 1402731
1402749 1402779 1402798 1402831 1402875 1402948 1402958 1402988 1403004
1403146 1403210 1403236 1403287 1403364 1403379 1403586 1403626 1403644
1403711 1403735 1403745 1403775 1403776 1403793 1403833 1403885 1403925
1404057 1404072 1404095 1404121 1404143 1404178 1404252 1404253 1404261
1404272 1404343 1404355 1404362 1404364 1404385 1404437 1404482 1404499
1404551 1404586 1404602 1404620 1404648 1404674 1404688 1404700 1404701
1404704 1404723 1404784 1404843 1404850 1404897 1404908 1404949 1404971
1404980 1404996 1404997 1405037 1405043 1405074 1405084 1405099 1405117
1405166 1405191 1405199 1405276 1405335 1405415 1405442 1405473 1405546
1405595 1405650 1405731 1405800 1405843 1405928 1406029 1406039 1406041
1406122 1406139 1406144 1406165 1406324 1406331 1406367 1406396 1406535
1406540 1406555 1406562 1406593 1406667 1406716 1406845 1406876 1406954
1406995 1407083 1407126 1407142 1407157 1407165 1407179 1407208 1407247
1407254 1407278 1407295 1407357 1407367 1407558 1407600 1407612 1407636
1407700 1407747 1407759 1407780 1407785 1407794 1407850 1407908 1407995
1408120 1408237 1408243 1408245 1408315 1408362 1408438 1408447 1408455
1408464 1408466 1408601 1408613 1408619 1408717 1408735 1408775 1408778
1408808 1408994 1409002 1409064 1409086 1409130 1409139 1409183 1409288
1409298 1409336 1409342 1409382 1409401 1409403 1409405 1409407 1409463
1409497 1409552 1409623 1409631 1409741 1409745 1409802 1409814 1409819
1409878 1409939 1409960 1409984 1410057 1410079 1410089 1410123 1410150
1410187 1410213 1410236 1410246 1410351 1410450 1410471 1410601 1410617
1410625 1410629 1410634 1410721 1410911 1411001 1411009 1411031 1411161
1411184 1411251 1411259 1411263 1411312 1411393 1411421 1411429 1411506
1411548 1411611 1411658 1411660 1411669 1411670 1411713 1411733 1411752
1411776 1500033 1500108 1500112 1500123 1500141 1500236 1500239 1500344
1500358 1500428 1500528 1500582 1500603 1500661 1500710 1500713 1500810
1500837 1500941 1501006 1501016 1501019 1501269 1501278 1501303 1501329
1501390 1501437 1501577 1501610 1501622 1501665 1501695 1501771 1501789
1501851 1501890 1501899 1501963 1502014 1502033 1502051 1502096 1502138
1502217 1502337 1502356 1502421 1502430 1502471 1502503 1502534 1502538
1502547 1502617 1502621 1502651 1502782 1502803 1502815 1502929 1502944
1502999 1503007 1503051 1503072 1503171 1503175 1503211 1503245 1503272
1503283 1503285 1503417 1503516 1503655 1503669 1503729 1503752 1503770
1503873 1503875 1503923 1503937 1503945 1503948 1504048 1504059 1504088
1504171 1504200 1504238 1504250 1504310 1504318 1504385 1504459 1504475
1504521 1504529 1504547 1504566 1504594 1504616 1504645 1504665 1504785
1504804 1504850 1504864 1504867 1504915 1504935 1504940 1505034 1505042
1505066 1505091 1505095 1505133 1505250 1505256 1505267 1505288 1505363
1505407 1505498 1505508 1505525 1505543 1505567 1505613 1505653 1505667
1505683 1505700 1505744 1505800 1505812 1505836 1505850 1505865 1505881
1505935 1505938 1505978 1505999 1506119 1506154 1506297 1506338 1506554
1506566 1506791 1506834 1506871 1507000 1507003 1507011 1507143 1507222
1507231 1507263 1507283 1507346 1507446 1507448 1507516 1507580 1507607
1507722 1507755 1507803 1507858 1507907 1507947 1507985 1508013 1508050
1508112 1508126 1508287 1508291 1508372 1508486 1508545 1508553 1508634
1508642 1508689 1508692 1508826 1508834 1508845 1509007 1509015 1509058
1509216 1509342 1509357 1509376 1509416 1509508 1509549 1509716 1509738
1509749 1509972 1509986 1510041 1510079 1510209 1510378 1510410 1510440
1510492 1510514 1510532 1510555 1510574 1510675 1510692 1510716 1510770
1510788 1510899 1510929 1510957 1510997 1511007 1511061 1511087 1511376
1511392 1511419 1511426 1600068 1600199 1600393 1700001 1700019 1700025
1700044 1700093 1700118 1700238 1700253 1700255 1700274 1700314 1700368
1700479 1700498 1700596 1700741 1700744 1700755 1700855 1700868 1700933
1700971 1701011 1701022 1701141 1701147 1701262 1701389 1701569 1701584
1701744 1701769 1701811 1701823 1701864 1701870 1701893 1701906 1701918
1702000 1702074 1702117 1702157 1702236 1702296 1702316 1702452 1702458
1702506 1702676 1702686 1800066 1800113 1800134 1800179 1800228 1900203
1900221 1900275 1900285 1900359 1900381 1900386 1900391 1900405 1900467
1900547 1900679 1900715 1900716 1900805 1900806 1900819 1900825 1900826
1900852 1900891 1900912 1900939 1900958 1901045 1901052 1901077 1901079
1901318 1901321 1901367 1901426 1901449 1901575 1901612 1901631 1901645
1901746 1901867 1902023 1902086 1902246 1902252 1902317 1902330 1902377
1902383 1902425 1902448 1902476 1902567 1902577 1902631 1902746 1902966
2400029 2400062 2400089 2400118 2400165 2400175 2400238 2400282 2400327
2400349 2400395 2400417 2400426 2400440 2400457 2400458 2400490 2400684
2400894 2400906 2401236 2401331 2401426 2401433 2401484 2401517 2401610
2401624 2401636 2401717 2401756 2401774 2401840 2401854 2401974 2402047
2402059 2402068 2402074 2402097 2402161 2402204 2402208 2402230 2402329
2402344 2402361 2402398 2402451 2402628 2402723 2402791 2402929 2403037
2403181 2403204 2403276 2403443 2403703 2403758 2403874 2403910 2404033
2404147 2404200 2404360 2404425 2404453 2404490 2404531 2404655 2404684
2404685 2404899 2404903 2404990 2405053 2600076 2600102 2600135 2600151
2600156 2600169 2600180 2600271 2600296 2600317 2600351 2600353 2600379
2600496 2600529 2600544 2600596 2600611 2600625 2600671 2600702 2600712
2600764 2600765 2600823 2600936 2600972 2601008 2601030 2601080 2601260
2601366 2601447 2601504 2601563 2601660 2601672 2601679 2601695 2601883
2601962 2601970 2602009 2602038 2602052 2602055 2602141 2602220 2602232
2602241 2602273 2602293 2602312 2602357 2602368 2602400 2602443 2602533
2602537 2602546 2602553 2602583 2602619 2602663 2602687 2602770 2602808
2602851 2602863 2602872 2602930 2602968 2602996 2603051 2603075 2603131
2603135 2603139 2603168 2603186 2603235 2603268 2603351 2603370 2603391
2603407 2603433 2603466 2603597 2603615 2603730 2603781 2603885 2604014
2604216 2604283 2604284 2604312 2604364 2604387 2604391 2604436 2604613
2604732 2604776 2604921 2605075 2605131 2605139 2605150 2605162 2605303
2605342 2605371 2605413 2605433 2605477 2605505 2605576 2605594 2605655
2605772 2605805 2605807 2605907 2605973 2606000 2606009 2606038 2606055
2606170 2606174 2606181 2606213 2606220 2606269 2606311 2606337 2606349
2606382 2606397 2606442 2606471 2606498 2606617 2606654 2606674 2606683
2606720 2606729 2606746 2606756 2606770 2606844 2606876 2606877 2606919
2606977 2606992 2607013 2607017 2607084 2607091 2607101 2607146 2607195
2607234 2607285 2607454 2607500 2607523 2607826 2607905 2607931 2608131
2608190 2608304 2608446 2608450 2608497 2608499 2608555 2608560 2608571
2608630 2608636 2608671 2608701 2608762 2608822 2608953 2608960 2609048
2609114 2609168 2609240 2609255 2609445 2609451 2609456 2609553 2609577
2609589 2609619 2609733 2609778 2609847 2609863 2609976 2610011 2610017
2610050 2610194 2610204 2610243 2610247 2610356 2610441 2610482 2610532
2610723 2610724 2610913 2610962 2610996 2611043 2611071 2611073 2611104
2611218 2611240 2611247 2611411 2611452 2611496 2611568 2611572 2611739
2611789 2611895 2611944 2612049 2612082 2612104 2612144 2612191 2612206
2612265 2612275 2612285 2612318 2612362 2612406 2612485 2612514 2612529
2612563 2612567 2612572 2612742 2612813 2612841 2612923 2612927 2612933
2612995 2613021 2613059 2613113 2613195 2613239 2613249 2613328 2613335
2613402 2613429 2613439 2613473 2613525 2613537 2613610 2613683 2613700
2613715 2613792 2613805 2613866 2613930 2613950 2614004 2614033 2614116
2614242 2614373 2614386 2614549 2614654 2614673 2614846 2614869 2615008
2615244 2615252 2615325 2615336 2615351 2615359 2615392 2615473 2615550
2615673 2615731 2615803 2615960 2615990 2615996 2616018 2616019 2616076
2616124 2616137 2616327 2616346 2616439 2616515 2616554 2616565 2616580
2616586 2616743 2616750 2616786 2616797 2616832 2616907 2616955 2617138
2617204 3400006 3400175 3400208 3400233 3400280 3400317 3400327 3400329
3400432 3400457 3400462 3400486 3400554 3400567 3400639 3400701 3400808
3400809 3400831 3400911 3400913 3400914 3400936 3400993 3401022 3401053
3401092 3401120 3401126 3401135 3401138 3401152 3401167 3401173 3401191
3401192 3401205 3401212 3401236 3401259 3401335 3401337 3401339 3401344
3401358 3401372 3401393 3401445 3401450 3401482 3401483 3401527 3401559
3401586 3401647 3401671 3401733 3401780 3401782 3401795 3401889 3401901
3401903 3401911 3401913 3401958 3402045 3402062 3402067 3402074 3402151
3402160 3402306 3402314 3402316 3402319 3402375 3402422 3402453 3402556
3402591 3402604 3402614 3402649 3402723 3402770 3402834 3402850 3402859
3402862 3402867 3402890 3402913 3402988 3403016 3403058 3403083 3403145
3403237 3403265 3403271 3403275 3403294 3403412 3403477 3403493 3403495
3403505 3403511 3403525 3403529 3403619 3403628 3403662 3403672 3403751
3403786 3403801 3403842 3404067 3404114 3404122 3404272 3500035 3500122
3500134 3500135 3500191 3500259 3500310 3500369 3500411 3500448 3500455
3500511 3500618 3500624 3500687 3500824 3500918 3500974 3501066 3501108
3501137 3501161 3501163 3501171 3501192 3501259 3501269 3501302 3501321
3501325 3501341 3501395 3501405 3501410 3501423 3501439 3501456 3501460
3501527 3501530 3501553 3501608 3501612 3501638 3501641 3501749 3501758
3501770 3501787 3501790 3501796 3501827 3501841 3501843 3501866 3501894
3501967 3501993 3502055 3502114 3502170 3502200 3502204 3502221 3502240
3502242 3502262 3502272 3502401 3502431 3502433 3502519 3502537 3502538
3502570 3502751 3502774 3502811 3502856 3502857 3502937 3502963 3502985
3503027 3503059 3503066 3503095 3503128 3503138 3503173 3503259 3503277
3503303 3503322 3503352 3503463 3503483 3503510 3503516 3503582 3503595
3503598 3503620 3503654 3503684 3503712 3503727 3503728 3503850 3503856
3503871 3503879 3503887 3503901 3503921 3503968 3503972 3503976 3504015
3504029 3504043 3504159 3504161 3504176 3504240 3504241 3504274 3504287
3504423 3504424 3504425 3504511 3504517 3504554 3504571 3504575 3504625
3504638 3504666 3504818 3504822 3504864 3504877 3504996 3505037 3505040
3505086 3505098 3505149 3505159 3505160 3505162 3505194 3505207 3505217
3505219 3505228 3505270 3505295 3505320 3505329 3505360 3505385 3505433
3505464 3505513 3505577 3505588 3505618 3505646 3505678 3505694 3505738
3505739 3505790 3505840 3505851 3505920 3505954 3505968 3505975 3505997
3506035 3506077 3506095 3506109 3506312 3506341 3506442 3506454 3506458
3506511 3506726 3506735 3506759 3506779 3506809 3506859 3506872 3506946
3507057 3507106 3507146 3507170 3507176 3507240 3507286 3507289 3507304
3507362 3507385 3507401 3507414 3507539 3507552 3507743 3507747 3507800
3507846 3507882 3507948 3508003 3508103 3508160 3508172 3508196 3508278
3508288 3508303 3508309 3508359 3508558 3508587 3508650 3508714 3508817
3508829 3508836 3508865 3508867 3508960 3508970 3508975 3508995 3509002
3509046 3509164 3509198 3509268 3509302 3509314 3509368 3509562 3509596
3509694 3509718 3509805 3509876 3509882 3509890 3509969 3509971 3509981
3510011 3510045 3510151 3510288 3510402 3510412 3510423 3510446 3510589
3510648 3510686 3510817 3510859 3510958 3511023 3511048 3511055 3511100
3511162 3511276 3511344 3511407 3511500 3511506 3511507 3511599 3511690
3511742 3511771 3511793 3511841 3511884 3511935 3511963 3512080 3512083
3512107 3512145 3512157 3512312 3512392 3512449 3512460 3512474 3512486
3512503 3512543 3512556 3512557 3512617 3512654 3512682 3512686 3512701
3512861 3512884 3512935 3512937 3512951 3512970 3513032 3513038 3513052
3513110 3513199 3513275 3513369 3513389 3513556 3513586 3513600 3513642
3513651 3513697 3513702 3513716 3513726 3513755 3513789 3513849 3513853
3513899 3513959 3513960 3514056 3514119 3514125 3514163 3514181 3514266
3514299 3514374 3514454 3514455 3514457 3514482 3514491 3600006 3600114
3600192 3600225 3600290 3600348 3600432 3600495 3600635 3600669 3600762
3600807 3600850 3600957 3700021 3700029 3700083 3900026 3900142 3900267
3900610 3900679 3900761 3900774 3901001 3901067 3901217 3901313 3901368
3901422 3901431 3901545 3901552 3901606 3901630 3901670 3901700 3901893
4000010 4000035 4000105 4000145 4000236 4000278 4000416 4000430 4000637
4000740 4000887 4001243 4001294 4001299 4001317 4001377 4001504 4001611
4001691 4001728 4001832 4001860 4001960 4002164 4002216 4100022 4100070
4100099 4100120 4100156 4100159 4100165 4100231 4100232 4100252 4100258
4100264 4100285 4100291 4100367 4100371 4100374 4100414 4100429 4100455
4100469 4100472 4100509 4100578 4100612 4100645 4100801 4100853 4100902
4101021 4101147 4101221 4101232 4101272 4101288 4101347 4101349 4101528
4101532 4101657 4101761 4101793 4101801 4101813 4101863 4101884 4101958
4102000 4102010 4102019 4102039 4102071 4102130 4102359 4102428 4102480
4102483 4102602 4102603 4102606 4102677 4102736 4102770 4102806 4102818
4102864 4103015 4103120 4103247 4103262 4103323 4103363 4103450 4103518
4103532 4103675 4103680 4103726 4103742 4103850 4103894 4104006 4104082
4104113 4104123 4104221 4104235 4104246 4104253 4104286 4104362 4104365
4104388 4104438 4104481 4104524 4104642 4104646 4104656 4104677 4104712
4104743 4104799 4200177 4200235 4200237 4200644 4400091 4400218 4400374
4400455 4400494 4400601 4400790 4401007 4401111 4401152 4401281 4401335
4500015 4500035 4500088 4600037 4600233 4600344 4600359 4800095 4800167
4900130 4900160 4900189 4900196 4900207 4900295 4900472 4900529 4900543
4900545 4900566 4900575 4900583 4900613 4900621 4900669 4900711 4900721
4900796 4900817 4900848 4900856 4900857 4900873 4900936 4900966 4900988
4900993 4901021 4901034 4901074 4901080 4901103 4901112 4901154 4901177
4901271 4901303 4901313 4901379 4901400 4901437 4901480 4901499 4901593
4901604 4901637 4901666 4901710 4901793 4901863 4901958 4901981 4902069
5000110 5000193 5000263 5000387 5000421 5001136 5001227 5100068 5100193
5100263 5100277 5100358 5100400 5100636 5100801 5100902 5101038 5101416
5101525 5101543 5101625 5101733 5101825 5101828 5101860 5101962 5102017
5102147 5102432 5102441 5102535 5102627 5102641 5102740 5102846 5102858
5102969 5103024 5103060 5103106 5103128 5103260 5103268 5103381 5103422
5103494 5200053 5200142 5200148 5200210 5200236 5200270 5200297 5200342
5200345 5200361 5200487 5200501 5200551 5200580 5200630 5200693 5200735
5200760 5200767 5200809 5200824 5200995 5200999 5201028 5201043 5201057
5201198 5201222 5201237 5300041 5300154 5300188 5300219 5300268 5300415
5300564 5400172 5400180 5400231 5400253 5400283 5400336 5400361 5400410
5400507 5400508 5400569 5400656 5400677 5400697 5400721 5400737 5400789
5400859 5400860 5401135 5401139 5401153 5401187 5401227 5401228 5401246
5401262 5401291 5401297 5401317 5401349 5401395 5401415 5401447 5401577
5401644 5401649 5401670 5401719 5401721 5401727 5401774 5401818 5401915
5401918 5401919 5401924 5402027 5402112 5402167 5402219 5402232 5402268
5402301 5402311 5402445 5402485 5402591 5402851 5402857 5402897 5402909
5403079 5403134 5403137 5403211 5403345 5403383 5403387 5403388 5403486
5403560 5403582 5403587 5403676 5403706 5403963 5403982 5404083 5404092
5404124 5404325 5404348 5404382 5404460 5404551 5404713 5404730 5404809
5404850 5404853 5404893 5404982 5404992 5404995 5405048 5405116 5405123
5405143 5405145 5405168 5405189